j,m1,xi1,m2,xi2,index1,index2,energy_diff,coupling
0,0.5,True,-0.5,False,1,0,212.8873923060625,-0.0
1,-0.5,False,-1.5,False,3,2,-2.1222655981378864,0.19999756522473727
1,0.5,False,-0.5,False,4,3,-2.1170307528531254,0.1999903283288602
1,0.5,False,-0.5,True,4,5,-215.6418874757988,-0.001966869318180041
1,-0.5,True,-1.5,False,5,2,211.40259112480777,-0.0009868658352542303
1,0.5,True,-0.5,True,6,5,-0.6271028059320969,-0.1999903283288595
1,0.5,True,-0.5,False,6,3,212.89775391701357,-0.0019668693181800435
1,1.5,True,0.5,True,7,6,-0.632229571598387,0.19999759885200222
1,1.5,True,0.5,False,7,4,214.3825550982683,0.000980027261711101
2,-1.5,False,-2.5,False,9,8,-2.127537224073194,0.20202552088575151
2,-0.5,False,-1.5,False,10,9,-2.122192031549133,-0.08248569402766437
2,-0.5,False,-1.5,True,10,13,-214.16759200636542,-0.001146933198975903
2,0.5,False,-0.5,False,11,10,-2.1169587154510623,0.08246664603002615
2,0.5,False,-0.5,True,11,14,-215.6626091945804,-0.0014047707976016322
2,1.5,False,0.5,False,12,11,-2.111833426717965,0.20202326638591767
2,1.5,False,0.5,True,12,15,-217.1472677779642,-0.001146936959079797
2,-1.5,True,-2.5,False,13,8,209.9178627507431,-0.0014196624432914406
2,-0.5,True,-1.5,True,14,13,-0.6219415272360891,-0.20202309655161987
2,-0.5,True,-1.5,False,14,9,211.4234584475802,-0.0007147753171155362
2,0.5,True,-0.5,True,15,14,-0.62717484333416,-0.08246664603002575
2,0.5,True,-0.5,False,15,10,212.91847563579518,-0.0014047707976016335
2,1.5,True,0.5,True,16,15,-0.6323001320672574,0.08248548604108263
2,1.5,True,0.5,False,16,11,214.40313421917898,-0.0006903520772570307
2,2.5,True,1.5,True,17,16,-0.6373210596135266,0.20202572471006208
2,2.5,True,1.5,False,17,12,215.87764658628342,0.0013903546261816576
3,-2.5,False,-3.5,False,19,18,-2.132883191848606,0.19244286176850223
3,-1.5,False,-2.5,False,20,19,-2.127424540126782,-0.1490749304193068
3,-1.5,False,-2.5,True,20,25,-212.6935164504939,-0.0008460277469814156
3,-0.5,False,-1.5,False,21,20,-2.1220817222349666,-0.054445784684713415
3,-0.5,False,-1.5,True,21,26,-214.1988891540704,-0.0011966481886143757
3,0.5,False,-0.5,False,22,21,-2.1168506985213895,0.0544173173483376
3,0.5,False,-0.5,True,22,27,-215.69368801604156,-0.0013109292785145532
3,1.5,False,0.5,False,23,22,-2.1117276238587976,0.14905874815161366
3,1.5,False,0.5,True,23,28,-217.1781327796365,-0.0011966545234373652
3,2.5,False,1.5,False,24,23,-2.1067088357641524,0.1924455330555985
3,2.5,False,1.5,True,24,29,-218.65243568047424,-0.0008460469535675747
3,-2.5,True,-3.5,False,25,18,208.4332087185185,-0.0016679302701932274
3,-1.5,True,-2.5,True,26,25,-0.6167090186584403,-0.1924453389342904
3,-1.5,True,-2.5,False,26,19,209.94938289170867,-1.180066126327915e-05
3,-0.5,True,-1.5,True,27,26,-0.6220518365502556,-0.1490584224692222
3,-0.5,True,-1.5,False,27,20,211.45475559528518,-0.0009982180877042635
3,0.5,True,-0.5,True,28,27,-0.6272828602638327,-0.054417317348337955
3,0.5,True,-0.5,False,28,21,212.94955445725634,-0.0013109292785145532
3,1.5,True,0.5,True,29,28,-0.6324059349264246,0.05444542795533677
3,1.5,True,0.5,False,29,22,214.4339992208513,-0.0009685955661316074
3,2.5,True,1.5,True,30,29,-0.6374247230210415,0.14907467977352942
3,2.5,True,1.5,False,30,23,215.90830212168905,1.1008080324946495e-05
3,3.5,True,2.5,True,31,30,-0.6423427153916634,0.19244334728874646
3,3.5,True,2.5,False,31,24,217.37266824206154,0.0016109380310811903
4,-3.5,False,-4.5,False,33,32,-2.138305079388857,0.18180894736471856
4,-2.5,False,-3.5,False,34,33,-2.1327297464394803,-0.1718025124534468
4,-2.5,False,-3.5,True,34,41,-211.21966543188708,-0.0006752110966608256
4,-1.5,False,-2.5,False,35,34,-2.127274373271973,-0.11689378813204525
4,-1.5,False,-2.5,True,35,42,-212.7355359928133,-0.001013085123435829
4,-0.5,False,-1.5,False,36,35,-2.121934718822473,-0.041086154909143156
4,-0.5,False,-1.5,True,36,43,-214.24061152612254,-0.0012110564122891243
4,0.5,False,-0.5,False,37,36,-2.116706749019201,0.04104869392620598
4,0.5,False,-0.5,True,37,44,-215.735119435179,-0.001276632367240935
4,1.5,False,0.5,False,38,37,-2.111586623971803,0.11686592936739301
4,1.5,False,0.5,True,38,45,-217.21927924938478,-0.0012110660750048212
4,2.5,False,1.5,False,39,38,-2.106570686116754,0.171791504087228
4,2.5,False,1.5,True,39,46,-218.6933030006881,-0.0010131135558951814
4,3.5,False,2.5,False,40,39,-2.101655449235011,0.1818160302667318
4,3.5,False,2.5,True,40,47,-220.15739557725468,-0.0006752600113560924
4,-3.5,True,-4.5,False,41,32,206.94863060605874,-0.0018324567668713259
4,-2.5,True,-3.5,True,42,41,-0.6114038123457419,-0.18181593867117343
4,-2.5,True,-3.5,False,42,33,208.47553187310186,0.0004416970631325902
4,-1.5,True,-2.5,True,43,42,-0.616859185513249,-0.1717909613253092
4,-1.5,True,-2.5,False,43,34,209.9914024340281,-0.000532147309963493
4,-0.5,True,-1.5,True,44,43,-0.6221988399627492,-0.11686546474908162
4,-0.5,True,-1.5,False,44,35,211.4964779673373,-0.0011011092998261575
4,0.5,True,-0.5,True,45,44,-0.6274268097660212,-0.04104869392620635
4,0.5,True,-0.5,False,45,36,212.99098587639378,-0.001276632367240935
4,1.5,True,0.5,True,46,45,-0.6325469348134192,0.04108566521359454
4,1.5,True,0.5,False,46,37,214.47514569059956,-0.0010696081407138957
4,2.5,True,1.5,True,47,46,-0.6375628726684397,0.11689317277082133
4,2.5,True,1.5,False,47,38,215.9491694419029,-0.0004904111557256106
4,3.5,True,2.5,True,48,47,-0.6424781095502112,0.17180239097633604
4,3.5,True,2.5,False,48,39,217.41326201846945,0.0004510690580305693
4,4.5,True,3.5,True,49,48,-0.6472959705172912,0.18180980398324287
4,4.5,True,3.5,False,49,40,218.86762149718717,0.0017453983053104544
5,-4.5,False,-5.5,False,51,50,-2.1438045094237737,0.17199415244478272
5,-3.5,False,-4.5,False,52,51,-2.138109158458178,-0.17948462282706598
5,-3.5,False,-4.5,True,52,61,-209.7460437039756,-0.0005629865749815803
5,-2.5,False,-3.5,False,53,52,-2.1325380701771905,-0.14804640463993024
5,-2.5,False,-3.5,True,53,62,-211.27255737382578,-0.0008725096979998524
5,-1.5,False,-2.5,False,54,53,-2.127086790589644,-0.09595663353649987
5,-1.5,False,-2.5,True,54,63,-212.78804867580737,-0.0010885010108836431
5,-0.5,False,-1.5,False,55,54,-2.12175108605517,-0.03312472196188494
5,-0.5,False,-1.5,True,55,64,-214.29275299366697,-0.0012171721682209394
5,0.5,False,-0.5,False,56,55,-2.116526929463049,0.03307843443954689
5,0.5,False,-0.5,True,56,65,-215.78689745039998,-0.0012599609391391608
5,1.5,False,0.5,False,57,56,-2.111410487456311,0.09591821130486416
5,1.5,False,0.5,True,57,66,-217.27070130853411,-0.0012171859603529536
5,2.5,False,1.5,False,58,57,-2.1063981086085874,0.14802250276709666
5,2.5,False,1.5,True,58,67,-218.7443763458138,-0.0010885388492576033
5,3.5,False,2.5,False,59,58,-2.101486312471181,0.17947911081488277
5,3.5,False,2.5,True,59,68,-220.20812720810835,-0.0008725816517614232
5,4.5,False,3.5,False,60,59,-2.0966717794148906,0.1720051760993915
5,4.5,False,3.5,True,60,69,-221.66215174120921,-0.0005630804692001504
5,-4.5,True,-5.5,False,61,50,205.46413003609365,-0.0019520095719324484
5,-3.5,True,-4.5,True,62,61,-0.6060244003270157,-0.17200529224327665
5,-3.5,True,-4.5,False,62,51,207.0019101451904,0.0007609677248574951
5,-2.5,True,-3.5,True,63,62,-0.6115954886080317,-0.17947850326706563
5,-2.5,True,-3.5,False,63,52,208.52842381504055,-0.00014763497227834378
5,-1.5,True,-2.5,True,64,63,-0.6170467681955785,-0.14802163764448328
5,-1.5,True,-2.5,False,64,53,210.04391511702215,-0.0007821180601084524
5,-0.5,True,-1.5,True,65,64,-0.6223824727300524,-0.09591761551272215
5,-0.5,True,-1.5,False,65,54,211.54861943488174,-0.0011503871896779943
5,0.5,True,-0.5,True,66,65,-0.6276066293221731,-0.03307843443954683
5,0.5,True,-0.5,False,66,55,213.04276389161475,-0.0012599609391391602
5,1.5,True,0.5,True,67,66,-0.6327230713289111,0.03312410532964686
5,1.5,True,0.5,False,67,56,214.5265677497489,-0.001117995525766051
5,2.5,True,1.5,True,68,67,-0.6377354501766064,0.09595569926089689
5,2.5,True,1.5,False,68,57,216.00024278702858,-0.000731307605782968
5,3.5,True,2.5,True,69,68,-0.6426472463140414,0.1480457030563433
5,3.5,True,2.5,False,69,58,217.46399364932313,-0.00010639533449963566
5,4.5,True,3.5,True,70,69,-0.6474617793703317,0.17948477773533286
5,4.5,True,3.5,False,70,59,218.918018182424,0.0007505421584484482
5,5.5,True,4.5,True,71,70,-0.6521822175845102,0.17199545568484179
5,5.5,True,4.5,False,71,60,220.36250774425437,0.0018335867395990742
6,-5.5,False,-6.5,False,73,72,-2.1493831510836685,0.1632865148671914
6,-4.5,False,-5.5,False,74,73,-2.143564325633477,-0.18090141781457733
6,-4.5,False,-5.5,True,74,85,-208.27265615447067,-0.00048307534658043765
6,-3.5,False,-4.5,False,75,74,-2.13787425160443,-0.16431324348712442
6,-3.5,False,-4.5,True,75,86,-209.80996117292335,-0.0007641990201001074
6,-2.5,False,-3.5,False,76,75,-2.1323082498201984,-0.12857947669392325
6,-2.5,False,-3.5,True,76,87,-211.3360101155628,-0.0009779436131451753
6,-1.5,False,-2.5,False,77,76,-2.126861875774722,-0.08133378696395878
6,-1.5,False,-2.5,True,77,88,-212.8510466823725,-0.001129535372589232
6,-0.5,False,-1.5,False,78,77,-2.1215309047138504,-0.027800047570735405
6,-0.5,False,-1.5,True,78,89,-214.35530590407586,-0.0012202315702736714
6,0.5,False,-0.5,False,79,78,-2.1163113178597257,0.02774502250457689
6,0.5,False,-0.5,True,79,90,-215.8490145678642,-0.0012504353159859419
6,1.5,False,0.5,False,80,79,-2.111199289676506,0.08128541569767592
6,1.5,False,0.5,True,80,91,-217.3323916166152,-0.001220250299625712
6,2.5,False,1.5,False,81,80,-2.1061911760851615,0.1285437072956012
6,2.5,False,1.5,True,81,92,-218.80564852359166,-0.001129583702382567
6,3.5,False,2.5,False,82,81,-2.10128350354492,0.1642944726836682
6,3.5,False,2.5,True,82,93,-220.26898964443654,-0.0009780360098002802
6,4.5,False,3.5,False,83,82,-2.0964729589270803,0.1809012343377893
6,4.5,False,3.5,True,83,94,-221.72261254812332,-0.0007643386767266203
6,5.5,False,4.5,False,84,83,-2.091756380114589,0.16330109773323948
6,5.5,False,4.5,True,84,95,-223.16670832837977,-0.00048323000279135067
6,-5.5,True,-6.5,False,85,72,203.97970867775354,-0.0020446831522576273
6,-4.5,True,-5.5,True,86,85,-0.6005692331517452,-0.16330151092565529
6,-4.5,True,-5.5,False,86,73,205.52852259568544,0.0009997970908111546
6,-3.5,True,-4.5,True,87,86,-0.606259307180764,-0.18090070743557113
6,-3.5,True,-4.5,False,87,74,207.0658276141382,0.00016115286127433445
6,-2.5,True,-3.5,True,88,87,-0.6118253089650239,-0.16429334934782916
6,-2.5,True,-3.5,False,88,75,208.59187655677758,-0.000477449868197587
6,-1.5,True,-2.5,True,89,88,-0.6172716830105003,-0.128542542449899
6,-1.5,True,-2.5,False,89,76,210.10691312358728,-0.0009218981657106044
6,-0.5,True,-1.5,True,90,89,-0.6226026540713718,-0.08128469301971855
6,-0.5,True,-1.5,False,90,77,211.61117234529064,-0.001177786424917306
6,0.5,True,-0.5,True,91,90,-0.6278222409254965,-0.027745022504577267
6,0.5,True,-0.5,False,91,78,213.10488100907898,-0.0012504353159859406
6,1.5,True,0.5,True,92,91,-0.6329342691087163,0.027799307132806584
6,1.5,True,0.5,False,92,79,214.58825805783,-0.0011449092501187475
6,2.5,True,1.5,True,93,92,-0.6379423827000323,0.08133255935264094
6,2.5,True,1.5,False,93,80,216.06151496480646,-0.0008660324934941678
6,3.5,True,2.5,True,94,93,-0.6428500552403023,0.12857824632536358
6,3.5,True,2.5,False,94,81,217.52485608565132,-0.00041840405238779434
6,4.5,True,3.5,True,95,94,-0.647660599858142,0.16431262772914465
6,4.5,True,3.5,False,95,82,218.9784789893381,0.000193588561241579
6,5.5,True,4.5,True,96,95,-0.6523771786706334,0.18090197532376576
6,5.5,True,4.5,False,96,83,220.42257476959455,0.0009657565854650276
6,6.5,True,5.5,True,97,96,-0.6570028115196322,0.1632883310548762
6,6.5,True,5.5,False,97,84,221.85732833818952,0.0018940981969809718
7,-6.5,False,-7.5,False,99,98,-2.1550427215632197,0.15561798943104305
7,-5.5,False,-6.5,False,100,99,-2.1490968403122537,-0.1794537763786606
7,-5.5,False,-6.5,True,100,113,-206.7995078101086,-0.000423080848990901
7,-4.5,False,-5.5,False,101,100,-2.1432843944472353,-0.17277904487088952
7,-4.5,False,-5.5,True,101,114,-208.34775548608286,-0.0006788767566020372
7,-3.5,False,-4.5,False,102,101,-2.1376004665522146,-0.14857718571054748
7,-3.5,False,-4.5,True,102,115,-209.8845067882971,-0.0008835947744686624
7,-2.5,False,-3.5,False,103,102,-2.1320403892383695,-0.11314299215024205
7,-2.5,False,-3.5,True,103,116,-211.4100140853025,-0.001041730260196396
7,-1.5,False,-2.5,False,104,103,-2.1265997290327334,-0.07056344411108108
7,-1.5,False,-2.5,True,104,117,-212.92452064478837,-0.001154365809466626
7,-0.5,False,-1.5,False,105,104,-2.121274271518061,-0.023974799182449033
7,-0.5,False,-1.5,True,105,118,-214.42826108655396,-0.001221862933572985
7,0.5,False,-0.5,False,106,105,-2.116060007610315,0.02391109389204152
7,0.5,False,-0.5,True,106,119,-215.9214618068971,-0.0012443568965195997
7,1.5,False,0.5,False,107,106,-2.11095312087231,0.0705055002211054
7,1.5,False,0.5,True,107,120,-217.40434137659452,-0.0012218874063000585
7,2.5,False,1.5,False,108,107,-2.105949975772816,0.11309612389513947
7,2.5,False,1.5,True,108,121,-218.87711091445442,-0.001154425993133913
7,3.5,False,2.5,False,109,108,-2.101047106808238,0.14854574901902728
7,3.5,False,2.5,True,109,122,-220.33997443825027,-0.0010418432607279542
7,4.5,False,3.5,False,110,109,-2.096241208413005,0.1727657590795766
7,4.5,False,3.5,True,110,123,-221.7931291946863,-0.0008837726880876266
7,5.5,False,4.5,False,111,110,-2.0915291255930555,0.17945863190892505
7,5.5,False,4.5,True,111,124,-223.23676596990714,-0.0006791098248775502
7,6.5,False,5.5,False,112,111,-2.08690784522031,0.15563582723559255
7,6.5,False,5.5,True,112,125,-224.67106938193527,-0.00042331237051171003
7,-6.5,True,-7.5,False,113,98,202.49536824823315,-0.0021200595833547552
7,-5.5,True,-6.5,True,114,113,-0.5950367184729686,-0.1556366153686497
7,-5.5,True,-6.5,False,114,99,204.05537425132337,0.001186662253176183
7,-4.5,True,-5.5,True,115,114,-0.600849164337987,-0.17945831696789308
7,-4.5,True,-5.5,False,115,100,205.60362192729764,0.0004118996195118787
7,-3.5,True,-4.5,True,116,115,-0.6065330922329792,-0.17276453401558017
7,-3.5,True,-4.5,False,116,101,207.1403732295119,-0.0002090959006008146
7,-2.5,True,-3.5,True,117,116,-0.6120931695468528,-0.14854413614848236
7,-2.5,True,-3.5,False,117,102,208.66588052651727,-0.0006809421168941322
7,-1.5,True,-2.5,True,118,117,-0.6175338297524888,-0.11309467526872487
7,-1.5,True,-2.5,False,118,103,210.18038708600315,-0.0010080237198699484
7,-0.5,True,-1.5,True,119,118,-0.6228592872671612,-0.07050465337431637
7,-0.5,True,-1.5,False,119,104,211.68412752776874,-0.0011945075911650184
7,0.5,True,-0.5,True,120,119,-0.6280735511749072,-0.023911093892041088
7,0.5,True,-0.5,False,120,105,213.17732824811188,-0.0012443568965195989
7,1.5,True,0.5,True,121,120,-0.6331804379129125,0.023973936897486236
7,1.5,True,0.5,False,121,106,214.6602078178093,-0.0011613440741196663
7,2.5,True,1.5,True,122,121,-0.6381835830123777,0.07056193897197607
7,2.5,True,1.5,False,122,107,216.1329773556692,-0.0009490628192112045
7,3.5,True,2.5,True,123,122,-0.6430864519769841,0.11314127321740293
7,3.5,True,2.5,False,123,108,217.59584087946504,-0.0006109391554194884
7,4.5,True,3.5,True,124,123,-0.6478923503722172,0.14857583131532978
7,4.5,True,3.5,False,124,109,219.04899563590106,-0.00015024167393579626
7,5.5,True,4.5,True,125,124,-0.6526044331921668,0.17277867296596247
7,5.5,True,4.5,False,125,110,220.49263241112192,0.000429908986452209
7,6.5,True,5.5,True,126,125,-0.6572257135649124,0.17945484690896554
7,6.5,True,5.5,False,126,111,221.92693582315005,0.0011265313528103958
7,7.5,True,6.5,True,127,126,-0.6617590708502092,0.1556203784532391
7,7.5,True,6.5,False,127,112,223.35208459752016,0.0019367749657478307
8,-7.5,False,-8.5,False,129,128,-2.160784987857326,0.14884856842775882
8,-6.5,False,-7.5,False,130,129,-2.1547083392122914,-0.17665181979024402
8,-6.5,False,-7.5,True,130,145,-205.32660384159686,-0.00037629070260859364
8,-5.5,False,-6.5,False,131,130,-2.1487700150853613,-0.1768701757727741
8,-5.5,False,-6.5,True,131,146,-206.88594863710932,-0.0006101424457210081
8,-4.5,False,-5.5,False,132,131,-2.142964845912161,-0.16103078129101303
8,-4.5,False,-5.5,True,132,147,-208.4335499393216,-0.0008038104710163977
8,-3.5,False,-4.5,False,133,132,-2.137287928632759,-0.1345470388595016
8,-3.5,False,-4.5,True,133,148,-209.9696691550813,-0.0009612320504328003
8,-2.5,False,-3.5,False,134,133,-2.1317346092829297,-0.10080845286695365
8,-2.5,False,-3.5,True,134,149,-211.4945581342118,-0.0010833480955984918
8,-1.5,False,-2.5,False,135,134,-2.126300466955982,-0.06230697237410849
8,-1.5,False,-2.5,True,135,150,-213.00845965166548,-0.001170469689455756
8,-0.5,False,-1.5,False,136,135,-2.120981299008463,-0.021088416882462727
8,-0.5,False,-1.5,True,136,151,-214.5116078588447,-0.0012227160518485179
8,0.5,False,-0.5,False,137,136,-2.1157731073981267,0.02101607382435713
8,0.5,False,-0.5,True,137,152,-216.00422870646608,-0.0012401360441776082
8,1.5,False,0.5,False,138,137,-2.11067208605229,0.0622397060205698
8,1.5,False,0.5,True,138,153,-217.48654034113127,-0.0012227470696728384
8,2.5,False,1.5,False,139,138,-2.105674609177129,0.10075103929465082
8,2.5,False,1.5,True,139,154,-218.95875347757547,-0.001170543195351175
8,3.5,False,2.5,False,140,139,-2.1007772204250017,0.13450361994041785
8,3.5,False,2.5,True,140,155,-220.42107174839242,-0.0010834829048107356
8,4.5,False,3.5,False,141,140,-2.095976622846891,0.16100445078386721
8,4.5,False,3.5,True,141,156,-221.8736920328791,-0.0009614459962676752
8,5.5,False,4.5,False,142,141,-2.0912696695639994,0.17686239291974357
8,5.5,False,4.5,True,142,157,-223.31680476650473,-0.0008041076734452917
8,6.5,False,5.5,False,143,142,-2.0866533550976527,0.17666141273862856
8,6.5,False,5.5,True,143,158,-224.75059423238116,-0.0006104955908958885
8,7.5,False,6.5,False,144,143,-2.0821248073036713,0.14886941714909044
8,7.5,False,6.5,True,144,159,-226.17523883599728,-0.0003766154367368731
8,-7.5,True,-8.5,False,145,128,201.01111051452727,-0.0021836888403370777
8,-6.5,True,-7.5,True,146,145,-0.5894252195729308,-0.14887064976517997
8,-6.5,True,-7.5,False,146,129,202.58247028281164,0.0013380520525164757
8,-5.5,True,-6.5,True,147,146,-0.595363543699861,-0.17666142769557766
8,-5.5,True,-6.5,False,147,130,204.1418150783241,0.0006191971477170486
8,-4.5,True,-5.5,True,148,147,-0.6011687128730614,-0.17686121820872175
8,-4.5,True,-5.5,False,148,131,205.6894163805364,2.3153467398660753e-05
8,-3.5,True,-4.5,True,149,148,-0.606845630152435,-0.1610025419142367
8,-3.5,True,-4.5,False,149,132,207.2255355962961,-0.0004538426994740965
8,-2.5,True,-3.5,True,150,149,-0.6123989495022926,-0.13450154280722756
8,-2.5,True,-3.5,False,150,133,208.75042457542656,-0.000815362115726905
8,-1.5,True,-2.5,True,151,150,-0.6178330918292403,-0.10074931823206573
8,-1.5,True,-2.5,False,151,134,210.26432609288025,-0.0010647954499938502
8,-0.5,True,-1.5,True,152,151,-0.6231522597767594,-0.06223873692264352
8,-0.5,True,-1.5,False,152,135,211.7674743000595,-0.001205365094544032
8,0.5,True,-0.5,True,153,152,-0.6283604513870955,-0.021016073824356888
8,0.5,True,-0.5,False,153,136,213.26009514768086,-0.0012401360441776082
8,1.5,True,0.5,True,154,153,-0.6334614727329324,0.021087434154051548
8,1.5,True,0.5,False,154,137,214.74240678234605,-0.0011720259231072967
8,2.5,True,1.5,True,155,154,-0.638458949608065,0.06230520031225549
8,2.5,True,1.5,False,155,138,216.21461991879028,-0.0010038142375842177
8,3.5,True,2.5,True,156,155,-0.6433563383602205,0.10080627493545014
8,3.5,True,2.5,False,156,139,217.6769381896072,-0.0007381509239737199
8,4.5,True,3.5,True,157,156,-0.6481569359383315,0.13454498877168075
8,4.5,True,3.5,False,157,140,219.12955847409387,-0.00037756425484720605
8,5.5,True,4.5,True,158,157,-0.6528638892212228,0.16102947355473932
8,5.5,True,4.5,False,158,141,220.5726712077195,7.553184065665493e-05
8,6.5,True,5.5,True,159,158,-0.6574802036875695,0.176870190774967
8,6.5,True,5.5,False,159,142,222.00646067359594,0.0006188309915579552
8,7.5,True,6.5,True,160,159,-0.6620087514815509,0.17665350195499538
8,7.5,True,6.5,False,160,143,223.43110527721205,0.0012501280891834366
8,8.5,True,7.5,True,161,160,-0.6664522789229039,0.1488515854728305
8,8.5,True,7.5,False,161,144,224.8467778055928,0.001967313439505525
9,-8.5,False,-9.5,False,163,162,-2.166611768572139,0.1428395957160888
9,-7.5,False,-8.5,False,164,163,-2.160400504957096,-0.17322673539750338
9,-7.5,False,-8.5,True,164,181,-203.8539495687713,-0.0003387257600230697
9,-6.5,False,-7.5,False,165,164,-2.1543326706787838,-0.17839012409410326
9,-6.5,False,-7.5,True,165,182,-205.42454918562197,-0.0005536594940769336
9,-5.5,False,-6.5,False,166,165,-2.1484028291992843,-0.16877219691643786
9,-5.5,False,-6.5,True,166,183,-206.9831511267148,-0.0007360768104137322
9,-4.5,False,-5.5,False,167,166,-2.142605828172634,-0.14916102426374672
9,-4.5,False,-5.5,True,167,184,-208.5300262253015,-0.0008894756773253923
9,-3.5,False,-4.5,False,168,167,-2.1369367806249784,-0.12247597502909639
9,-3.5,False,-4.5,True,168,185,-210.0654352753139,-0.0010146834022093034
9,-2.5,False,-3.5,False,169,168,-2.1313910476356313,-0.09079887954031486
9,-2.5,False,-3.5,True,169,186,-211.58962954478932,-0.0011119669901627515
9,-1.5,False,-2.5,False,170,169,-2.1259642223800768,-0.05577890807484142
9,-1.5,False,-2.5,True,170,187,-213.1028512560198,-0.001181424406194398
9,-0.5,False,-1.5,False,171,170,-2.1206521154101097,-0.01883067263498354
9,-0.5,False,-1.5,True,171,188,-214.60533403502475,-0.0012230944316237672
9,0.5,False,-0.5,False,172,171,-2.1154507410585808,0.018749726787093225
9,0.5,False,-0.5,True,172,189,-216.09730333270824,-0.0012369942779709103
9,1.5,False,0.5,False,173,172,-2.1103563048698106,0.05570249683350039
9,1.5,False,0.5,True,173,190,-217.5789768198514,-0.001223132790328072
9,2.5,False,1.5,False,174,173,-2.105365191964438,0.09073132620151082
9,2.5,False,1.5,True,174,191,-219.05056475790042,-0.0011815127455808644
9,3.5,False,2.5,False,175,174,-2.1004739562581562,0.1224211617659065
9,3.5,False,2.5,True,175,192,-220.51227034733782,-0.0011121252900467673
9,4.5,False,3.5,False,176,175,-2.0956793104610085,0.14912211918441273
9,4.5,False,3.5,True,176,193,-221.96429005527176,-0.0010149334217872505
9,5.5,False,4.5,False,177,176,-2.0909781167919306,0.16875129621961255
9,5.5,False,4.5,True,177,194,-223.4068139237395,-0.0008898309450978777
9,6.5,False,5.5,False,178,177,-2.0863673783479157,0.17838772168715566
9,6.5,False,5.5,True,178,195,-224.8400258600941,-0.0007365289300808116
9,7.5,False,6.5,False,179,178,-2.0818442310746548,0.17324078612537588
9,7.5,False,6.5,True,179,196,-226.26410391073145,-0.0005541600565634075
9,8.5,False,7.5,False,180,179,-2.077405936289537,0.14286325764849747
9,8.5,False,7.5,True,180,197,-227.67922051931043,-0.00033916026983373925
9,-8.5,True,-9.5,False,181,162,199.52693729524208,-0.0022390089259378743
9,-7.5,True,-8.5,True,182,181,-0.5837330538281265,-0.1428649980391977
9,-7.5,True,-8.5,False,182,163,201.10981600998608,0.0014641758329467453
9,-6.5,True,-7.5,True,183,182,-0.5898008881064385,-0.17324123767228747
9,-6.5,True,-7.5,False,183,164,202.68041562683675,0.0007937016023756278
9,-5.5,True,-6.5,True,184,183,-0.595730729585938,-0.17838673992814233
9,-5.5,True,-6.5,False,184,165,204.23901756792958,0.0002242501430673287
9,-4.5,True,-5.5,True,185,184,-0.6015277306125881,-0.1687492498341341
9,-4.5,True,-5.5,False,185,166,205.78589266651628,-0.00024733802057603165
9,-3.5,True,-4.5,True,186,185,-0.6071967781602154,-0.14911955368668717
9,-3.5,True,-4.5,False,186,167,207.3213017165287,-0.000624057870753857
9,-2.5,True,-3.5,True,187,186,-0.612742511149591,-0.12241864121127136
9,-2.5,True,-3.5,False,187,168,208.8454959860041,-0.0009087510127682161
9,-1.5,True,-2.5,True,188,187,-0.6181693364051455,-0.0907293410918356
9,-1.5,True,-2.5,False,188,169,210.35871769723457,-0.0011041158829455363
9,-0.5,True,-1.5,True,189,188,-0.6234814433751126,-0.05570140696368454
9,-0.5,True,-1.5,False,189,170,211.86120047623953,-0.0012127171344318058
9,0.5,True,-0.5,True,190,189,-0.6286828177266415,-0.018749726787092844
9,0.5,True,-0.5,False,190,171,213.353169773923,-0.0012369942779709147
9,1.5,True,0.5,True,191,190,-0.6337772539154116,0.018829570580567705
9,1.5,True,0.5,False,191,172,214.83484326106617,-0.001179269646558812
9,2.5,True,1.5,True,192,191,-0.6387683668207558,0.05577687670356214
9,2.5,True,1.5,False,192,173,216.30643119911522,-0.0010417557456359429
9,3.5,True,2.5,True,193,192,-0.643659602527066,0.0907962645993398
9,3.5,True,2.5,False,193,174,217.7681367885526,-0.0008265620440821107
9,4.5,True,3.5,True,194,193,-0.6484542483242137,0.12247326763804921
9,4.5,True,3.5,False,194,175,219.22015649648654,-0.0005357012556342983
9,5.5,True,4.5,True,195,194,-0.6531554419932917,0.14915881393202238
9,5.5,True,4.5,False,195,176,220.66268036495427,-0.00017109515533942176
9,6.5,True,5.5,True,196,195,-0.6577661804373065,0.16877109752560882
9,6.5,True,5.5,False,196,177,222.09589230130888,0.00026542002879126775
9,7.5,True,6.5,True,197,196,-0.6622893277105675,0.17839065590459716
9,7.5,True,6.5,False,197,178,223.51997035194623,0.0007720886126987992
9,8.5,True,7.5,True,198,197,-0.6667276224956566,0.17322911885922782
9,8.5,True,7.5,False,198,179,224.9350869605252,0.001347230809062085
9,9.5,True,8.5,True,199,198,-0.671083685072432,0.14284329244269314
9,9.5,True,8.5,False,199,180,226.34140921174233,0.001989238406373206
10,-9.5,False,-10.5,False,201,200,-2.172524935815531,0.13747128983678755
10,-8.5,False,-9.5,False,202,201,-2.166175067673919,-0.1695528216880442
10,-8.5,False,-9.5,True,202,221,-202.38155046597487,-0.0003078680100401129
10,-7.5,False,-8.5,False,203,202,-2.159973960511607,-0.1783506991490937
10,-7.5,False,-8.5,True,203,222,-203.9635659353752,-0.0005064403379440861
10,-6.5,False,-7.5,False,204,203,-2.1539158950081543,-0.1734639523021385
10,-6.5,False,-7.5,True,204,223,-205.53332223210975,-0.0006781133500459043
10,-5.5,False,-6.5,False,205,204,-2.1479954550312925,-0.15921272156811117
10,-5.5,False,-6.5,True,205,224,-207.09110002336396,-0.0008260300899413557
10,-4.5,False,-5.5,False,206,205,-2.142207507280304,-0.13817812445063687
10,-4.5,False,-5.5,True,206,225,-208.63716942689035,-0.0009509255034766877
10,-3.5,False,-4.5,False,207,206,-2.1365471825752422,-0.11215921851833732
10,-3.5,False,-4.5,True,207,226,-210.17179055796066,-0.0010530298267780566
10,-2.5,False,-3.5,False,208,207,-2.131009858637171,-0.08254443649822671
10,-2.5,False,-3.5,True,208,227,-211.6952140403879,-0.0011324216580235877
10,-1.5,False,-2.5,False,209,208,-2.1255911442209765,-0.0504892329010319
10,-1.5,False,-2.5,True,209,228,-213.2076814844608,-0.0011891274586086611
10,-0.5,False,-1.5,False,210,209,-2.120286864477208,-0.017015262269290544
10,-0.5,False,-1.5,True,210,229,-214.70942593437377,-0.0012231562405322818
10,0.5,False,-0.5,False,211,210,-2.115093047431415,0.0169257448115236
10,0.5,False,-0.5,True,211,230,-216.20067228749718,-0.0012345128604450105
10,1.5,False,0.5,False,212,211,-2.1100059114820624,0.050403810028528034
10,1.5,False,0.5,True,212,231,-217.68163768762543,-0.001223202728876193
10,2.5,False,1.5,False,213,212,-2.105021853827523,0.08246704902673024
10,2.5,False,1.5,True,213,232,-219.15253189414977,-0.0011892321577302116
10,3.5,False,2.5,False,214,213,-2.1001374397413457,0.11209348862433319
10,3.5,False,2.5,True,214,233,-220.61355762893345,-0.0011326053697891692
10,4.5,False,3.5,False,215,214,-2.09534939262322,0.13812716571506425
10,4.5,False,3.5,True,215,234,-222.0649109025128,-0.0010533171102107529
10,5.5,False,4.5,False,216,215,-2.0906545847609834,0.15917890241053645
10,5.5,False,4.5,True,216,235,-223.5067813211118,-0.0009513365938149496
10,6.5,False,5.5,False,217,216,-2.0860500287433297,0.17344857348234846
10,6.5,False,5.5,True,217,236,-224.93935237583088,-0.0008265699132125392
10,7.5,False,6.5,False,218,217,-2.0815328694703368,0.1783534998466229
10,7.5,False,6.5,True,218,237,-226.3628017152593,-0.0006787573366077848
10,8.5,False,7.5,False,219,218,-2.0771003767132186,0.16957108151959638
10,8.5,False,7.5,True,219,238,-227.77730140265766,-0.0005071161921515119
10,9.5,False,8.5,False,220,219,-2.0727499381791574,0.13749760317705004
10,9.5,False,8.5,True,220,239,-229.18301815876484,-0.0003084290696231245
10,-9.5,True,-10.5,False,221,200,198.04285046248543,-0.0022882641957764536
10,-8.5,True,-9.5,True,222,221,-0.577958491111275,-0.1374999098582381
10,-8.5,True,-9.5,False,222,201,199.63741690718967,0.0015716937186505994
10,-7.5,True,-8.5,True,223,222,-0.5841595982736152,-0.16957206718766238
10,-7.5,True,-8.5,False,223,202,201.21943237658996,0.0009430654875896566
10,-6.5,True,-7.5,True,224,223,-0.590217663777068,-0.17835284347268424
10,-6.5,True,-7.5,False,224,203,202.78918867332453,0.0003995098960254638
10,-5.5,True,-6.5,True,225,224,-0.5961381037539297,-0.17344654485320246
10,-5.5,True,-6.5,False,225,204,204.34696646457874,-6.16883378522474e-05
10,-4.5,True,-5.5,True,226,225,-0.6019260515049183,-0.1591760046528293
10,-4.5,True,-5.5,False,226,205,205.89303586810513,-0.00044310091901968184
10,-3.5,True,-4.5,True,227,226,-0.6075863762099516,-0.13812397077205413
10,-3.5,True,-4.5,False,227,206,207.42765699917547,-0.0007471658192673728
10,-2.5,True,-3.5,True,228,227,-0.6131237001480514,-0.11209054143247406
10,-2.5,True,-3.5,False,228,207,208.95108048160267,-0.000976196305073585
10,-1.5,True,-2.5,True,229,228,-0.6185424145642457,-0.08246480634183145
10,-1.5,True,-2.5,False,229,208,210.46354792567558,-0.00113238922837882
10,-0.5,True,-1.5,True,230,229,-0.6238466943080141,-0.05040260061467618
10,-0.5,True,-1.5,False,230,209,211.96529237558855,-0.0012178326503226708
10,0.5,True,-0.5,True,231,230,-0.6290405113538071,-0.016925744811524982
10,0.5,True,-0.5,False,231,210,213.45653872871196,-0.0012345128604450127
10,1.5,True,0.5,True,232,231,-0.6341276473031598,0.01701404185345412
10,1.5,True,0.5,False,232,211,214.9375041288402,-0.0011843208472001817
10,2.5,True,1.5,True,233,232,-0.6391117049576707,0.05048694801155237
10,2.5,True,1.5,False,233,212,216.4083983353646,-0.0010690582697724577
10,3.5,True,2.5,True,234,233,-0.6439961190438765,0.08254140135641884
10,3.5,True,2.5,False,234,213,217.86942407014823,-0.0008904429760059187
10,4.5,True,3.5,True,235,234,-0.6487841661620024,0.11215588569173367
10,4.5,True,3.5,False,235,214,219.32077734372757,-0.0006501141066830991
10,5.5,True,4.5,True,236,235,-0.6534789740242388,0.13817505155354534
10,5.5,True,4.5,False,236,215,220.76264776232657,-0.0003496368223340613
10,6.5,True,5.5,True,237,236,-0.6580835300418926,0.15921052041492922
10,6.5,True,5.5,False,237,216,222.19521881704566,9.493314845780632e-06
10,7.5,True,6.5,True,238,237,-0.6626006893148855,0.17346321225214115
10,7.5,True,6.5,False,238,217,223.6186681564741,0.000425846274584425
10,8.5,True,7.5,True,239,238,-0.6670331820719753,0.17835186670300163
10,8.5,True,7.5,False,239,218,225.03316784387246,0.0008980537810983517
10,9.5,True,8.5,True,240,239,-0.6713836206060648,0.16955598921230638
10,9.5,True,8.5,False,240,219,226.43888459997962,0.0014248058006384031
10,10.5,True,9.5,True,241,240,-0.6756545057444328,0.13747571520030136
10,10.5,True,9.5,False,241,220,227.83598003241434,0.0020048472722933326
11,-10.5,False,-11.5,False,243,242,-2.178526417170886,0.13264447666914858
11,-9.5,False,-10.5,False,244,243,-2.1720338066578933,-0.1658280017755942
11,-9.5,False,-10.5,True,244,265,-200.9094121676696,-0.0002820426449672745
11,-8.5,False,-9.5,False,245,244,-2.165695527387541,-0.17734806228571567
11,-8.5,False,-9.5,True,245,266,-202.5030079429298,-0.00046637746159368225
11,-7.5,False,-8.5,False,246,245,-2.159505560391395,-0.17612625477642255
11,-7.5,False,-8.5,True,246,267,-204.08407547192354,-0.0006280623792886278
11,-6.5,False,-7.5,False,247,246,-2.153458210300812,-0.1661183963358754
11,-6.5,False,-7.5,True,247,268,-205.6529056838305,-0.0007699474021129874
11,-5.5,False,-6.5,False,248,247,-2.147548083316181,-0.1496503510688273
11,-5.5,False,-6.5,True,248,269,-207.20977841866227,-0.0008926910278362356
11,-4.5,False,-5.5,False,249,248,-2.1417700669820903,-0.12831474124095038
11,-4.5,False,-5.5,True,249,270,-208.75496301017535,-0.0009964928109214132
11,-3.5,False,-4.5,False,250,249,-2.1361193115958343,-0.10331641876401698
11,-3.5,False,-4.5,True,250,271,-210.28871882996805,-0.0010814147746254395
11,-2.5,False,-3.5,False,251,250,-2.130591213095826,-0.07563561214420562
11,-2.5,False,-3.5,True,251,272,-211.8112957958745,-0.0011474721014403638
11,-1.5,False,-2.5,False,252,251,-2.1251813972925646,-0.046116799112525975
11,-1.5,False,-2.5,True,252,273,-213.32293484747765,-0.0011946649352887358
11,-0.5,False,-1.5,False,253,252,-2.119885705319902,-0.015523261440249111
11,-0.5,False,-1.5,True,253,274,-214.82386839130493,-0.0012229908792161018
11,0.5,False,-0.5,False,254,253,-2.114700180195385,0.015425201761095474
11,0.5,False,-0.5,True,254,275,-216.314320718035,-0.001232449975630577
11,1.5,False,0.5,False,255,254,-2.109621054392562,0.04602246955897821
11,1.5,False,0.5,True,255,276,-217.7945083938377,-0.0012230462780244238
11,2.5,False,1.5,False,256,255,-2.1046447383354803,0.07554862779733072
11,2.5,False,1.5,True,256,277,-219.26464062778052,-0.0011947875211287718
11,3.5,False,2.5,False,257,256,-2.099767809735667,0.10324015759708327
11,3.5,False,2.5,True,257,278,-220.72491961706646,-0.001147683270869575
11,4.5,False,3.5,False,258,257,-2.09498700369997,0.1282522065446189
11,4.5,False,3.5,True,258,279,-222.1755408717169,-0.0010817411448909905
11,5.5,False,4.5,False,259,258,-2.090299203544035,0.14960400620795933
11,5.5,False,4.5,True,259,280,-223.61669352017566,-0.0009969595656653895
11,6.5,False,5.5,False,260,259,-2.0857014322528897,0.16608995174329602
11,6.5,False,5.5,True,260,281,-225.04856059718736,-0.000893312896660739
11,7.5,False,6.5,False,261,260,-2.081190844534845,0.17611636909123157
11,7.5,False,6.5,True,261,282,-226.47131931518987,-0.0007707171053180639
11,8.5,False,7.5,False,262,261,-2.076764719421618,0.17735587315304982
11,8.5,False,7.5,True,262,283,-227.88514132036113,-0.0006289361982855609
11,9.5,False,8.5,False,263,262,-2.0724204533699577,0.1658502533460305
11,9.5,False,8.5,True,263,284,-229.2901929343675,-0.0004672569483322505
11,10.5,False,9.5,False,264,263,-2.068155553825193,0.13267330786314385
11,10.5,False,9.5,True,264,285,-230.68663538277744,-0.00028274724706555033
11,-10.5,True,-11.5,False,265,242,196.5588519438408,-0.002332982890560938
11,-9.5,True,-10.5,True,266,265,-0.572099752127329,-0.13267623564423556
11,-9.5,True,-10.5,False,266,243,198.16527860888436,0.0016651363598856506
11,-8.5,True,-9.5,True,267,266,-0.5784380313976527,-0.1658518632541616
11,-8.5,True,-9.5,False,267,244,199.75887438414458,0.001072831941655546
11,-7.5,True,-8.5,True,268,267,-0.5846279983938274,-0.17735566517833415
11,-7.5,True,-8.5,False,268,245,201.33994191313832,0.0005535534476317661
11,-6.5,True,-7.5,True,269,268,-0.5906753484844103,-0.17611450669690595
11,-6.5,True,-7.5,False,269,246,202.9087721250453,0.00010492215955531885
11,-5.5,True,-6.5,True,270,269,-0.5965854754690412,-0.16608688121423795
11,-5.5,True,-6.5,False,270,247,204.46564485987705,-0.0002753128864099987
11,-4.5,True,-5.5,True,271,270,-0.602363491803132,-0.14960028552902643
11,-4.5,True,-5.5,False,271,248,206.01082945139012,-0.0005892837861823113
11,-3.5,True,-4.5,True,272,271,-0.6080142471893595,-0.1282484063787615
11,-3.5,True,-4.5,False,272,249,207.54458527118283,-0.0008390119074810095
11,-2.5,True,-3.5,True,273,272,-0.613542345689396,-0.10323679739229331
11,-2.5,True,-3.5,False,273,250,209.0671622370893,-0.0010264153557636032
11,-1.5,True,-2.5,True,274,273,-0.6189521614926576,-0.07554613273873188
11,-1.5,True,-2.5,False,274,251,210.57880128869243,-0.0011533158312897732
11,-0.5,True,-1.5,True,275,274,-0.6242478534653202,-0.046021141682298906
11,-0.5,True,-1.5,False,275,252,212.0797348325197,-0.001221444935120066
11,0.5,True,-0.5,True,276,275,-0.6294333785898374,-0.015425201761094944
11,0.5,True,-0.5,False,276,253,213.57018715924977,-0.001232449975630577
11,1.5,True,0.5,True,277,276,-0.63451250439266,0.015521923547073612
11,1.5,True,0.5,False,277,254,215.05037483505248,-0.0011878993216337323
11,2.5,True,1.5,True,278,277,-0.6394888204497136,0.0461142653381894
11,2.5,True,1.5,False,278,255,216.52050706899533,-0.0010892873433711538
11,3.5,True,2.5,True,279,278,-0.6443657490495553,0.07563217004864221
11,3.5,True,2.5,False,279,256,217.98078605828124,-0.0009380389783703135
11,4.5,True,3.5,True,280,279,-0.6491465550852524,0.10331248663914214
11,4.5,True,3.5,False,280,257,219.43140731293167,-0.0007355139553872995
11,5.5,True,4.5,True,281,280,-0.6538343552411874,0.12831084366573367
11,5.5,True,4.5,False,281,258,220.87255996139044,-0.0004830107063072284
11,6.5,True,5.5,True,282,281,-0.6584321265323325,0.1496470823724952
11,6.5,True,5.5,False,282,259,222.30442703840214,-0.00018176999291252425
11,7.5,True,6.5,True,283,282,-0.6629427142503772,0.16611636745055133
11,7.5,True,6.5,False,283,260,223.72718575640465,0.0001670217272197484
11,8.5,True,7.5,True,284,283,-0.6673688393635757,0.17612601475058853
11,8.5,True,7.5,False,284,261,225.14100776157593,0.0005622291737687959
11,9.5,True,8.5,True,285,284,-0.6717131054152645,0.1773499755155608
11,9.5,True,8.5,False,285,262,226.54605937558227,0.001002765335855088
11,10.5,True,9.5,True,286,285,-0.6759780049600437,0.16583203073915687
11,10.5,True,9.5,False,286,263,227.9425018239922,0.0014875887654074388
11,11.5,True,10.5,True,287,286,-0.6801659255737462,0.13264967753166662
11,11.5,True,10.5,False,287,264,229.33049145224365,0.002015701055433243
12,-11.5,False,-12.5,False,289,288,-2.1846181977587094,0.12827808979968214
12,-10.5,False,-11.5,False,290,289,-2.1779785521054578,-0.1621580697582998
12,-10.5,False,-11.5,True,290,313,-199.43754047429277,-0.0002600907773802212
12,-9.5,False,-10.5,False,291,290,-2.1714990590794514,-0.17574712219579836
12,-9.5,False,-10.5,True,291,314,-201.04288452669246,-0.0004319483050661414
12,-8.5,False,-9.5,False,292,291,-2.1651733820634007,-0.1774087385080665
12,-8.5,False,-9.5,True,292,315,-202.63542340905013,-0.0005844565670500123
12,-7.5,False,-8.5,False,293,292,-2.1589955299831303,-0.1708062556914412
12,-7.5,False,-8.5,True,293,316,-204.2154587623114,-0.000720219190326178
12,-6.5,False,-7.5,False,294,293,-2.152959833452499,-0.1580657960108429
12,-6.5,False,-7.5,True,294,317,-205.78328056696182,-0.0008398302928327449
12,-5.5,False,-6.5,False,295,294,-2.1470609228999535,-0.14062268941195855
12,-5.5,False,-6.5,True,295,318,-207.33916776452907,-0.0009434635191631369
12,-4.5,False,-5.5,False,296,295,-2.141293708486373,-0.1195458489101943
12,-4.5,False,-5.5,True,296,319,-208.88338883713016,-0.001031166800838672
12,-3.5,False,-4.5,False,297,296,-2.135653361642909,-0.09568974589403278
12,-3.5,False,-4.5,True,297,320,-210.41620234847423,-0.001102945552522063
12,-2.5,False,-3.5,False,298,297,-2.1301352980762402,-0.06977605581300803
12,-2.5,False,-3.5,True,298,321,-211.93785744940817,-0.0011587919025129294
12,-1.5,False,-2.5,False,299,298,-2.1247351621060773,-0.04244250077829001
12,-1.5,False,-2.5,True,299,322,-213.44859435080528,-0.0011986962758669165
12,-0.5,False,-1.5,False,300,299,-2.119448812212795,-0.014275063975284276
12,-0.5,False,-1.5,True,300,323,-214.94864476633893,-0.0012226521724395126
12,0.5,False,-0.5,False,301,300,-2.1142723076861643,0.01416849084084652
12,0.5,False,-0.5,True,301,324,-216.43823232745268,-0.0012306579699134564
12,1.5,False,0.5,False,302,301,-2.1092018962775683,0.04233935080137734
12,1.5,False,0.5,True,302,325,-217.91757297263118,-0.001222717253775899
12,2.5,False,1.5,False,303,302,-2.1042340027678534,0.06967966410687586
12,2.5,False,1.5,True,303,326,-219.3868753128914,-0.0011988382679730327
12,3.5,False,2.5,False,304,303,-2.0993652183714886,0.09560326685150045
12,3.5,False,2.5,True,304,327,-220.84634097524554,-0.0011590326390121738
12,4.5,False,3.5,False,305,304,-2.0945922909052825,0.1194721534603883
12,4.5,False,3.5,True,305,328,-222.29616492573706,-0.0011033131984623434
12,5.5,False,4.5,False,306,305,-2.089912115658464,0.1405642448499152
12,5.5,False,4.5,True,306,329,-223.73653577351558,-0.0010316902862042366
12,6.5,False,5.5,False,307,306,-2.0853217269043256,0.1580245171247545
12,6.5,False,5.5,True,307,330,-225.16763605729318,-0.0009441650040234382
12,7.5,False,6.5,False,308,307,-2.0808182900019006,0.1707833078389204
12,7.5,False,6.5,True,308,331,-226.58964251541417,-0.0008407155493638213
12,8.5,False,7.5,False,309,308,-2.076399094039118,0.17740425519498526
12,8.5,False,7.5,True,309,332,-228.00272634066997,-0.0007212657128197703
12,9.5,False,8.5,False,310,309,-2.0720615449748294,0.1757597530298974
12,9.5,False,8.5,True,310,333,-229.4070534208987,-0.0005855990264825514
12,10.5,False,9.5,False,311,310,-2.067803159239105,0.16218412448202946
12,10.5,False,9.5,True,311,334,-230.80278456632743,-0.00043306020527274485
12,11.5,False,10.5,False,312,311,-2.0636215577573864,0.1283093278898136
12,11.5,False,10.5,True,312,335,-232.1900757245387,-0.00026095614814832717
12,-11.5,True,-12.5,False,313,288,195.0749437244286,-0.0023742424347421237
12,-10.5,True,-11.5,True,314,313,-0.5661550066797645,-0.12831292867228253
12,-10.5,True,-11.5,False,314,289,196.69340691550755,0.001747693682906312
12,-9.5,True,-10.5,True,315,314,-0.5726344997057424,-0.16218644274659236
12,-9.5,True,-10.5,False,315,290,198.29875096790727,0.0011870799796727357
12,-8.5,True,-9.5,True,316,315,-0.5789601767218215,-0.1757601081922491
12,-8.5,True,-9.5,False,316,291,199.8912898502649,0.000690159444364456
12,-7.5,True,-8.5,True,317,316,-0.585138028802092,-0.17740269972849845
12,-7.5,True,-8.5,False,317,292,201.4713252035262,0.0002548146358887304
12,-6.5,True,-7.5,True,318,317,-0.5911737253327232,-0.17078022152222852
12,-6.5,True,-7.5,False,318,293,203.0391470081766,-0.0001209563725571763
12,-5.5,True,-6.5,True,319,318,-0.5970726358852687,-0.1580204287639965
12,-5.5,True,-6.5,False,319,294,204.59503420574384,-0.0004390481462708147
12,-4.5,True,-5.5,True,320,319,-0.6028398502988495,-0.14055973015118017
12,-4.5,True,-5.5,False,320,295,206.13925527834493,-0.0007012553470325616
12,-3.5,True,-4.5,True,321,320,-0.6084801971422849,-0.11946776900784842
12,-3.5,True,-4.5,False,321,296,207.67206878968904,-0.0009092795651564192
12,-2.5,True,-3.5,True,322,321,-0.613998260708982,-0.09559950489395555
12,-2.5,True,-3.5,False,322,297,209.19372389062295,-0.0010647355867229678
12,-1.5,True,-2.5,True,323,322,-0.619398396679145,-0.06967692101713352
12,-1.5,True,-2.5,False,323,298,210.70446079202006,-0.001169157150331638
12,-0.5,True,-1.5,True,324,323,-0.6246847465724272,-0.042337905458704785
12,-0.5,True,-1.5,False,324,299,212.2045112075537,-0.0012240022417873303
12,0.5,True,-0.5,True,325,324,-0.629861251099058,-0.014168490840845921
12,0.5,True,-0.5,False,325,300,213.69409876866746,-0.0012306579699134551
12,1.5,True,0.5,True,326,325,-0.634931662507654,0.01427360945033749
12,1.5,True,0.5,False,326,301,215.17343941384595,-0.0011904450621034416
12,2.5,True,1.5,True,327,326,-0.6398995560173404,0.042439721993823724
12,2.5,True,1.5,False,327,302,216.64274175410617,-0.0011046220141755847
12,3.5,True,2.5,True,328,327,-0.6447683404137337,0.06977221752400267
12,3.5,True,2.5,False,328,303,218.10220741646032,-0.0009743889255282073
12,4.5,True,3.5,True,329,328,-0.6495412678799397,0.0956852360620511
12,4.5,True,3.5,False,329,304,219.55203136695184,-0.0008008910474295423
12,5.5,True,4.5,True,330,329,-0.6542214431267581,0.11954116025838325
12,5.5,True,4.5,False,330,305,220.99240221473036,-0.0005852220694816589
12,6.5,True,5.5,True,331,330,-0.6588118318808966,0.14061839227649334
12,6.5,True,5.5,False,331,306,222.42350249850796,-0.0003284271668058617
12,7.5,True,6.5,True,332,331,-0.6633152687833217,0.15806249980761503
12,7.5,True,6.5,False,332,307,223.84550895662895,-3.150582829623653e-05
12,8.5,True,7.5,True,333,332,-0.6677344647460757,0.17080455422095306
12,8.5,True,7.5,False,333,308,225.25859278188477,0.00030458551569205504
12,9.5,True,8.5,True,334,333,-0.6720720138103928,0.1774091299273853
12,9.5,True,8.5,False,334,309,226.66291986211348,0.0006789310495931885
12,10.5,True,9.5,True,335,334,-0.6763303995461172,0.17574988366811314
12,10.5,True,9.5,False,335,310,228.0586510075422,0.0010906532977769674
12,11.5,True,10.5,True,336,335,-0.6805120010278358,0.1621630332840675
12,11.5,True,10.5,False,336,311,229.44594216575348,0.0015389110049376731
12,12.5,True,11.5,True,337,336,-0.6846190984204839,0.12828411139684057
12,12.5,True,11.5,False,337,312,230.82494462509038,0.002022897159335438
13,-12.5,False,-13.5,False,339,338,-2.190802322390155,0.12430593961239879
13,-11.5,False,-12.5,False,340,339,-2.184011186920614,-0.15859870878125815
13,-11.5,False,-12.5,True,340,365,-197.9659413583708,-0.00024118421755566725
13,-10.5,False,-11.5,False,341,340,-2.1773862898353684,-0.17377798308784373
13,-10.5,False,-11.5,True,341,366,-199.58320527634157,-0.0004020283322378599
13,-9.5,False,-10.5,False,342,341,-2.1709209576467856,-0.17773801801490527
13,-9.5,False,-10.5,True,342,367,-201.1873789650385,-0.0005461441501100138
13,-8.5,False,-9.5,False,343,342,-2.164608886012786,-0.1739015708568628
13,-8.5,False,-9.5,True,343,368,-202.77877524991285,-0.0006759249411737264
13,-7.5,False,-8.5,False,344,343,-2.1584441138911217,-0.1642339452091855
13,-7.5,False,-8.5,True,344,369,-204.35769469103155,-0.0007919097506176735
13,-6.5,False,-7.5,False,345,344,-2.1524209998713815,-0.15004658482797792
13,-6.5,False,-7.5,True,345,370,-205.92442624600886,-0.0008942500188517431
13,-5.5,False,-6.5,False,346,345,-2.146534200471393,-0.13230379272553952
13,-5.5,False,-6.5,True,346,371,-207.4792478875664,-0.0009829815870330606
13,-4.5,False,-5.5,False,347,346,-2.1407786502081763,-0.11176565500118409
13,-4.5,False,-5.5,True,347,372,-209.02242717946075,-0.0010581014626547052
13,-3.5,False,-4.5,False,348,347,-2.1351495432743235,-0.08906416558518557
13,-3.5,False,-4.5,True,348,373,-210.55422181415804,-0.0011195947998758025
13,-2.5,False,-3.5,False,349,348,-2.129642316669276,-0.06474809096682956
13,-2.5,False,-3.5,True,349,374,-212.07488011531643,-0.0011674456173343857
13,-1.5,False,-2.5,False,350,349,-2.124252634650773,-0.039311788375654494
13,-1.5,False,-2.5,True,350,375,-213.58464150785125,-0.0012016412689785376
13,-0.5,False,-1.5,False,351,350,-2.1189763743865626,-0.013215312838604908
13,-0.5,False,-1.5,True,351,376,-215.08373695810337,-0.0012221742197170338
13,0.5,False,-0.5,False,352,351,-2.1138096126975796,0.013100255108817063
13,0.5,False,-0.5,True,352,377,-216.57238938640228,-0.001229042543042828
13,1.5,False,0.5,False,353,352,-2.1087486137964504,0.03919989159152318
13,1.5,False,0.5,True,353,378,-218.0508140541111,-0.0012222497461078488
13,2.5,False,1.5,False,354,353,-2.1037898179340857,0.0646424474138772
13,2.5,False,1.5,True,354,379,-219.51921892705641,-0.0012018041742504772
13,3.5,False,2.5,False,355,354,-2.0989298308758038,0.08896772706134747
13,3.5,False,2.5,True,355,380,-220.9778050170811,-0.0011677180588801207
13,4.5,False,3.5,False,356,355,-2.094165414135972,0.11168115419301314
13,4.5,False,3.5,True,356,381,-222.42676670330766,-0.0011200061265048647
13,5.5,False,4.5,False,357,356,-2.0894934759084265,0.13223365308323748
13,5.5,False,4.5,True,357,382,-223.86629203456684,-0.0010586834976456132
13,6.5,False,5.5,False,358,357,-2.084911062633495,0.1499928121483831
13,6.5,False,5.5,True,358,383,-225.29656301432354,-0.0009837622484989486
13,7.5,False,6.5,False,359,358,-2.0804153511505774,0.16419799012677835
13,7.5,False,6.5,True,359,384,-226.7177558693224,-0.0008952451909996725
13,8.5,False,7.5,False,360,359,-2.0760036413881124,0.17388414330742183
13,8.5,False,7.5,True,360,385,-228.13004130307587,-0.0007931132785613646
13,9.5,False,8.5,False,361,360,-2.0716733495485897,0.17773881654154544
13,9.5,False,8.5,True,361,386,-229.53358473522735,-0.0006772965412673407
13,10.5,False,9.5,False,362,361,-2.0674220017485823,0.17379525479528551
13,10.5,False,9.5,True,362,387,-230.92854652773931,-0.0005475948062398903
13,11.5,False,10.5,False,363,362,-2.063247228079433,0.15862840358785468
13,11.5,False,10.5,True,363,388,-232.3150821987821,-0.0004034018653080801
13,12.5,False,11.5,False,364,363,-2.0591467570553164,0.12433949201249389
13,12.5,False,11.5,True,364,389,-233.69334262513163,-0.0002422278357502087
13,-12.5,True,-13.5,False,365,338,193.59112784906006,-0.0024128249593335224
13,-11.5,True,-12.5,True,366,365,-0.5601223718646082,-0.12434381540281664
13,-11.5,True,-12.5,False,366,339,195.22180779958558,0.001821677262694406
13,-10.5,True,-11.5,True,367,366,-0.5667472689498538,-0.15863150945125287
13,-10.5,True,-11.5,False,367,340,196.83907171755635,0.0012888635397100227
13,-9.5,True,-10.5,True,368,367,-0.5732126011384366,-0.173796280724968
13,-9.5,True,-10.5,False,368,341,198.44324540625328,0.0008123590335506593
13,-8.5,True,-9.5,True,369,368,-0.5795246727724077,-0.17773770102962638
13,-8.5,True,-9.5,False,369,342,200.03464169112766,0.00039025317806068693
13,-7.5,True,-8.5,True,370,369,-0.5856894448941006,-0.17388119306623895
13,-7.5,True,-8.5,False,370,343,201.61356113224633,2.074128522608544e-05
13,-6.5,True,-7.5,True,371,370,-0.5917125589138408,-0.164193694033161
13,-6.5,True,-7.5,False,371,344,203.18029268722364,-0.0002978830375199528
13,-5.5,True,-6.5,True,372,371,-0.597599358313829,-0.14998773589640446
13,-5.5,True,-6.5,False,372,345,204.73511432878118,-0.0005672348146170637
13,-4.5,True,-5.5,True,373,372,-0.603354908577046,-0.13222837126902845
13,-4.5,True,-5.5,False,373,346,206.27829362067553,-0.0007888440401706813
13,-3.5,True,-4.5,True,374,373,-0.6089840155108703,-0.11167620348162531
13,-3.5,True,-4.5,False,374,347,207.81008825537282,-0.0009641614845626985
13,-2.5,True,-3.5,True,375,374,-0.6144912421159461,-0.08896357285741617
13,-2.5,True,-3.5,False,375,348,209.3307465565312,-0.0010945640216734431
13,-1.5,True,-2.5,True,376,375,-0.6198809241344492,-0.0646394600454327
13,-1.5,True,-2.5,False,376,349,210.84050794906602,-0.001181359522778504
13,-0.5,True,-1.5,True,377,376,-0.6251571843986596,-0.039198329734079926
13,-0.5,True,-1.5,False,377,350,212.33960339931815,-0.001225791358157669
13,0.5,True,-0.5,True,378,377,-0.6303239460876426,-0.0131002551088175
13,0.5,True,-0.5,False,378,351,213.82825582761706,-0.0012290425430428306
13,1.5,True,0.5,True,379,378,-0.6353849449887718,0.013213742514590373
13,1.5,True,0.5,False,379,352,215.30668049532588,-0.0011922395606453898
13,2.5,True,1.5,True,380,379,-0.6403437408511081,0.039308767948533455
13,2.5,True,1.5,False,380,353,216.77508536827122,-0.001116455891579763
13,3.5,True,2.5,True,381,380,-0.6452037279094185,0.06474386547944382
13,3.5,True,2.5,False,381,354,218.23367145829587,-0.0010027152759762815
13,4.5,True,3.5,True,382,381,-0.6499681446492502,0.0890590961368272
13,4.5,True,3.5,False,382,355,219.68263314452244,-0.000851994731897328
13,5.5,True,4.5,True,383,382,-0.6546400828767958,0.11176020451848447
13,5.5,True,4.5,False,383,356,221.12215847578162,-0.0006652273513020457
13,6.5,True,5.5,True,384,383,-0.6592224961517275,0.13229850525783618
13,6.5,True,5.5,False,384,357,222.55242945553832,-0.00044330489269316765
13,7.5,True,6.5,True,385,384,-0.6637182076346448,0.15004205667602885
13,7.5,True,6.5,False,385,358,223.97362231053717,-0.00018708018771482646
13,8.5,True,7.5,True,386,385,-0.6681299173970814,0.16423078504620467
13,8.5,True,7.5,False,386,359,225.38590774429065,0.000102630622709001
13,9.5,True,8.5,True,387,386,-0.6724602092366325,0.1739003438338941
13,9.5,True,8.5,False,387,360,226.78945117644213,0.0004250460085822382
13,10.5,True,9.5,True,388,387,-0.67671155703664,0.17773916423192113
13,10.5,True,9.5,False,388,361,228.1844129689541,0.0007794171146168782
13,11.5,True,10.5,True,389,388,-0.6808863307057891,0.1737816893389266
13,11.5,True,10.5,False,389,362,229.57094863999689,0.001165025955994995
13,12.5,True,11.5,True,390,389,-0.6849868017298775,0.15860467661337427
13,12.5,True,11.5,False,390,363,230.94920906634644,0.0015811837355881118
13,13.5,True,12.5,True,391,390,-0.6890151483659395,0.12431282592186578
13,13.5,True,12.5,False,391,364,232.31934067503582,0.0020272292730706197
14,-13.5,False,-14.5,False,393,392,-2.197080897817756,0.12067377111965284
14,-12.5,False,-13.5,False,394,393,-2.190133648597282,-0.1551775610775846
14,-12.5,False,-13.5,True,394,421,-196.49462097090267,-0.0002247149640651436
14,-11.5,False,-12.5,False,395,394,-2.1833590019432165,-0.17158911664648557
14,-11.5,False,-12.5,True,395,422,-198.12398006265795,-0.00037577024790164413
14,-10.5,False,-11.5,False,396,395,-2.176749926963822,-0.17740156580472508
14,-10.5,False,-11.5,True,396,423,-199.73995543277977,-0.0005122180824289529
14,-9.5,False,-10.5,False,397,396,-2.1702997873120466,-0.17583583815102719
14,-9.5,False,-10.5,True,397,424,-201.3428715882704,-0.0006362697435776766
14,-8.5,False,-9.5,False,398,397,-2.1640023131679698,-0.16872475816819835
14,-8.5,False,-9.5,True,398,425,-202.93304012996524,-0.0007484165014742106
14,-7.5,False,-8.5,False,399,398,-2.1578515756149557,-0.15727958727551897
14,-7.5,False,-8.5,True,399,426,-204.51076045996294,-0.0008487904846740215
14,-6.5,False,-7.5,False,400,399,-2.1518419631723447,-0.14238165271568026
14,-6.5,False,-7.5,True,400,427,-206.076320439965,-0.0009374170148133446
14,-5.5,False,-6.5,False,401,400,-2.1459681602721616,-0.1247176956835973
14,-5.5,False,-6.5,True,401,428,-207.6299970046243,-0.0010142857966587429
14,-4.5,False,-5.5,False,402,401,-2.14022512749375,-0.10485154484554987
14,-4.5,False,-5.5,True,402,429,-209.172056733605,-0.00107937592791603
14,-3.5,False,-4.5,False,403,402,-2.134608083388059,-0.08326596583890447
14,-3.5,False,-4.5,True,403,430,-210.70275638570158,-0.0011326658335702303
14,-2.5,False,-3.5,False,404,403,-2.1291124877431002,-0.060389122161895105
14,-2.5,False,-3.5,True,404,431,-212.22234339804754,-0.001174137420072678
14,-1.5,False,-2.5,False,405,404,-2.123734026157379,-0.03661255175150576
14,-1.5,False,-2.5,True,405,432,-213.73105635316278,-0.0012037777499319265
14,-0.5,False,-1.5,False,406,405,-2.118468595802355,-0.012304289288388061
14,-0.5,False,-1.5,True,406,433,-215.2291254163373,-0.0012215795607364618
14,0.5,False,-0.5,False,407,406,-2.1133122922667553,0.012180776372826673
14,0.5,False,-0.5,True,407,434,-216.7167727456212,-0.0012275412065463204
14,1.5,False,0.5,False,408,407,-2.10826139738694,0.03649197309374862
14,1.5,False,0.5,True,408,435,-218.19421287648967,-0.001221666284430255
14,2.5,False,1.5,False,409,408,-2.1033123679778356,0.06027435762227913
14,2.5,False,1.5,True,409,436,-219.6616530830692,-0.001203963058974328
14,3.5,False,2.5,False,410,409,-2.098461825385698,0.08315978425107463
14,3.5,False,2.5,True,410,437,-221.11929371764757,-0.0011744437116468025
14,4.5,False,3.5,False,411,410,-2.0937065457932533,0.1047565426461864
14,4.5,False,3.5,True,411,438,-222.5673285300413,-0.0011331233727831394
14,5.5,False,4.5,False,412,411,-2.089043451214522,0.1246362276591963
14,5.5,False,4.5,True,412,439,-224.00594496826386,-0.0010800188074221433
14,6.5,False,5.5,False,413,412,-2.084469601121228,0.14231575054262527
14,6.5,False,5.5,True,413,440,-225.4353244618144,-0.001015146474845209
14,7.5,False,6.5,False,414,413,-2.079982184649438,0.15723085937808207
14,7.5,False,6.5,True,414,441,-226.85564268879983,-0.0009385193635483071
14,8.5,False,7.5,False,415,414,-2.0755785133396927,0.16869426036682553
14,8.5,False,7.5,True,415,442,-228.26706982800374,-0.0008501412508269788
14,9.5,False,8.5,False,416,415,-2.071256014368032,0.1758238963915713
14,9.5,False,8.5,True,416,443,-229.66977079692626,-0.0007499950437413728
14,10.5,False,9.5,False,417,416,-2.067012224228364,0.1774075139446604
14,10.5,False,9.5,True,417,444,-231.06390547673743,-0.0006380158175453231
14,11.5,False,10.5,False,418,417,-2.0628447828322862,0.17161086474001572
14,11.5,False,10.5,True,418,445,-232.44962892501286,-0.0005140171952014856
14,12.5,False,11.5,False,419,418,-2.0587514279933714,0.15521075521079586
14,12.5,False,11.5,True,419,446,-233.8270915770533,-0.00037743508549591473
14,13.5,False,12.5,False,420,419,-2.054729990266395,0.12070956041243716
14,13.5,False,12.5,True,420,447,-235.19643943652787,-0.00022595458321753617
14,-13.5,True,-14.5,False,421,392,192.10740642448764,-0.0024493126252194603
14,-12.5,True,-13.5,True,422,421,-0.5539999101879403,-0.1207146542045099
14,-12.5,True,-13.5,False,422,393,193.75048741211745,0.0018888037147413064
14,-11.5,True,-12.5,True,423,422,-0.5607745568420057,-0.15521472394967162
14,-11.5,True,-12.5,False,423,394,195.37984650387273,0.0013805079620039821
14,-10.5,True,-11.5,True,424,423,-0.5673836318214001,-0.17161266303006817
14,-10.5,True,-11.5,False,424,395,196.99582187399454,0.000922575248867077
14,-9.5,True,-10.5,True,425,424,-0.5738337714731472,-0.17740696432321942
14,-9.5,True,-10.5,False,425,396,198.59873802948522,0.0005132614801219691
14,-8.5,True,-9.5,True,426,425,-0.5801312456172525,-0.17582122799150784
14,-8.5,True,-9.5,False,426,397,200.18890657118,0.00015092074964467712
14,-7.5,True,-8.5,True,427,426,-0.5862819831702666,-0.16868991444965462
14,-7.5,True,-8.5,False,427,398,201.76662690117772,-0.00016600179569406466
14,-6.5,True,-7.5,True,428,427,-0.5922915956128776,-0.1572253805548605
14,-6.5,True,-7.5,False,428,399,203.33218688117978,-0.00043897646654457277
14,-5.5,True,-6.5,True,429,428,-0.5981653985130606,-0.1423097170165626
14,-5.5,True,-6.5,False,429,400,204.88586344583908,-0.0006693949797554929
14,-4.5,True,-5.5,True,430,429,-0.6039084312914724,-0.12463020303962707
14,-4.5,True,-5.5,False,430,401,206.42792317481977,-0.0008585759015702043
14,-3.5,True,-4.5,True,431,430,-0.6095254753971346,-0.10475104130492473
14,-3.5,True,-4.5,False,431,402,207.95862282691638,-0.001007769635301948
14,-2.5,True,-3.5,True,432,431,-0.615021071042122,-0.08315524600380989
14,-2.5,True,-3.5,False,432,403,209.47820983926232,-0.0011181629978361588
14,-1.5,True,-2.5,True,433,432,-0.6203995326278431,-0.06027112931799562
14,-1.5,True,-2.5,False,433,404,210.98692279437756,-0.0011908834244131372
14,-0.5,True,-1.5,True,434,433,-0.6256649629828672,-0.03649029565218199
14,-0.5,True,-1.5,False,434,405,212.48499185755207,-0.0012270028368449699
14,0.5,True,-0.5,True,435,434,-0.6308212665184669,-0.01218077637282691
14,0.5,True,-0.5,False,435,406,213.97263918683598,-0.0012275412065463186
14,1.5,True,0.5,True,436,435,-0.6358721613982823,0.012302604001405454
14,1.5,True,0.5,False,436,407,215.45007931770445,-0.0011934698404354245
14,2.5,True,1.5,True,437,436,-0.6408211908073582,0.036609292706298646
14,2.5,True,1.5,False,437,408,216.91751952428405,-0.0011257144148300265
14,3.5,True,2.5,True,438,437,-0.6456717333995243,0.06038451719951549
14,3.5,True,2.5,False,438,409,218.37516015886234,-0.0010251577798760891
14,4.5,True,3.5,True,439,438,-0.6504270129919689,0.0832603521887167
14,4.5,True,3.5,False,439,410,219.82319497125607,-0.0008926425547534472
14,5.5,True,4.5,True,440,439,-0.6550901075707003,0.10484535794692944
14,5.5,True,4.5,False,440,411,221.26181140947864,-0.0007289735318741342
14,6.5,True,5.5,True,441,440,-0.6596639576639944,0.12471145306303684
14,6.5,True,5.5,False,441,412,222.69119090302917,-0.0005349199064826611
14,7.5,True,6.5,True,442,441,-0.6641513741357841,0.14237593180051267
14,7.5,True,6.5,False,442,413,224.1115091300146,-0.0003112173464655604
14,8.5,True,7.5,True,443,442,-0.6685550454455012,0.15727499534630626
14,8.5,True,7.5,False,443,414,225.52293626921852,-5.856991574631614e-05
14,9.5,True,8.5,True,444,443,-0.6728775444171902,0.16872189147267608
14,9.5,True,8.5,False,444,415,226.92563723814104,0.00022234813662845346
14,10.5,True,9.5,True,445,444,-0.6771213345568583,0.17583522494663215
14,10.5,True,9.5,False,445,416,228.3197719179522,0.0005308907107532311
14,11.5,True,10.5,True,446,445,-0.681288775952936,0.17740358324697642
14,11.5,True,10.5,False,446,417,229.70549536622764,0.0008664383035300186
14,12.5,True,11.5,True,447,446,-0.6853821307918224,0.17159385927050702
14,12.5,True,11.5,False,447,418,231.0829580182681,0.0012283965607048206
14,13.5,True,12.5,True,448,447,-0.6894035685188555,0.15518460027179376
14,13.5,True,12.5,False,448,419,232.45230587774262,0.001616194925071023
14,14.5,True,13.5,True,449,448,-0.6933551706695482,0.12068156515991944
14,14.5,True,13.5,False,449,420,233.81368069733946,0.002029285373352408
15,-14.5,False,-15.5,False,451,450,-2.2034560950883844,0.11733683859081649
15,-13.5,False,-14.5,False,452,451,-2.196347931181265,-0.151906302929939
15,-13.5,False,-14.5,True,452,481,-195.02358564802793,-0.00021022635457173972
15,-12.5,False,-13.5,False,453,452,-2.1894190273572463,-0.16927798193212434
15,-12.5,False,-13.5,True,453,482,-196.66521904778122,-0.0003525241443707743
15,-11.5,False,-12.5,False,454,453,-2.1826619733736834,-0.1765973271407409
15,-11.5,False,-12.5,True,454,483,-198.29316648972693,-0.0004819588584702469
15,-10.5,False,-11.5,False,455,454,-2.176069780880013,-0.17691317165920406
15,-10.5,False,-11.5,True,455,484,-199.9077646851954,-0.0006005824927925851
15,-9.5,False,-10.5,False,456,455,-2.1696358530283106,-0.171947138420778
15,-9.5,False,-10.5,True,456,485,-201.5093367603185,-0.0007088443511458582
15,-8.5,False,-9.5,False,457,456,-2.163353956717245,-0.16282771890480496
15,-8.5,False,-9.5,True,457,486,-203.09819301127885,-0.0008068595282633644
15,-7.5,False,-8.5,False,458,457,-2.157218197204159,-0.15036879941527584
15,-7.5,False,-8.5,True,458,487,-204.67463160641506,-0.000894644052521283
15,-6.5,False,-7.5,False,459,458,-2.15122299484959,-0.13519852458468626
15,-6.5,False,-7.5,True,459,488,-206.2389392396836,-0.0009721811929383409
15,-5.5,False,-6.5,False,460,459,-2.145363063785979,-0.11782725317222455
15,-5.5,False,-6.5,True,460,489,-207.79139173953394,-0.001039444732501008
15,-4.5,False,-5.5,False,461,460,-2.139633392325578,-0.09868699049005016
15,-4.5,False,-5.5,True,461,490,-209.33225463686026,-0.001096408199741146
15,-3.5,False,-4.5,False,462,461,-2.134029224941699,-0.07815607356858767
15,-3.5,False,-4.5,True,462,491,-210.8617836953423,-0.0011430487228210932
15,-2.5,False,-3.5,False,463,462,-2.1285460456765293,-0.05657566922127194
15,-2.5,False,-3.5,True,463,492,-212.38022540717535,-0.001179348583831062
15,-1.5,False,-2.5,False,464,463,-2.1231795628440437,-0.03426150208316764
15,-1.5,False,-2.5,True,464,493,-213.88781745691068,-0.0012052957101526384
15,-0.5,False,-1.5,False,465,464,-2.1179256949100704,-0.011512738221861897
15,-0.5,False,-1.5,True,465,494,-215.3847891558796,-0.0012208836465503288
15,0.5,False,-0.5,False,466,465,-2.1127805574435996,0.011380800378049042
15,0.5,False,-0.5,True,466,495,-216.87136184944802,-0.001226111261602442
15,1.5,False,0.5,False,467,466,-2.1077404510453164,0.03413230047820559
15,1.5,False,0.5,True,467,496,-218.34774929915173,-0.001220982308806169
15,2.5,False,1.5,False,468,467,-2.102801850167367,0.05645189641300319
15,2.5,False,1.5,True,468,497,-219.8141580415792,-0.0012055048945129568
15,3.5,False,2.5,False,469,468,-2.097961392747976,0.07804033313947267
15,3.5,False,2.5,True,469,498,-221.27078772570934,-0.0011796908633336988
15,4.5,False,3.5,False,470,469,-2.0932158705913366,0.0985817483527421
15,4.5,False,3.5,True,470,499,-222.71783143026343,-0.001143555077310011
15,5.5,False,4.5,False,471,470,-2.0885622204309016,0.11773478330020226
15,5.5,False,4.5,True,471,500,-224.15547596250045,-0.0010971145232278167
15,6.5,False,5.5,False,472,471,-2.083997515618478,0.13512084628898668
15,6.5,False,5.5,True,472,501,-225.5839021397646,-0.001040387113346891
15,7.5,False,6.5,False,473,472,-2.0795189583889453,0.15030760206021546
15,7.5,False,6.5,True,473,502,-227.0032850549868,-0.0009733899097689639
15,8.5,False,7.5,False,474,473,-2.075123872653208,0.16278426777266725
15,8.5,False,7.5,True,474,503,-228.41379432724375,-0.0008961362091683637
15,9.5,False,8.5,False,475,474,-2.0708096972782783,0.17192215135525918
15,9.5,False,8.5,True,475,504,-229.81559433839004,-0.0008086302240072661
15,10.5,False,9.5,False,476,475,-2.0665739798145495,0.17690664788649418
15,10.5,False,9.5,True,476,505,-231.20884445669765,-0.0007108562373834748
15,11.5,False,10.5,False,477,476,-2.0624143706374696,0.17660829120453744
15,11.5,False,10.5,True,477,506,-232.59369924836443,-0.0006027534695047727
15,12.5,False,11.5,False,478,477,-2.058328617469897,0.16930405759712602
15,12.5,False,11.5,True,478,507,-233.97030867768657,-0.0004841473792630544
15,13.5,False,12.5,False,479,478,-2.0543145602568984,0.15194287507884946
15,13.5,False,12.5,True,479,508,-235.33881829662815,-0.00035451043446066194
15,14.5,False,13.5,False,480,479,-2.050370126367227,0.11737480006631108
15,14.5,False,13.5,True,480,509,-236.69936942446708,-0.00021168002735540985
15,-14.5,True,-15.5,False,481,450,190.62378162175827,-0.0024841482862851816
15,-13.5,True,-14.5,True,482,481,-0.5477856276039574,-0.11738071062987646
15,-13.5,True,-14.5,False,482,451,192.2794520892427,0.0019503750372681977
15,-12.5,True,-13.5,True,483,482,-0.554714531427976,-0.15194777874245768
15,-12.5,True,-13.5,False,483,452,193.921085488996,0.0014638119650828311
15,-11.5,True,-12.5,True,484,483,-0.5614715854115389,-0.16930672474356712
15,-11.5,True,-12.5,False,484,453,195.5490329309417,0.0010227512719180774
15,-10.5,True,-11.5,True,485,484,-0.5680637779052091,-0.1766084270536745
15,-10.5,True,-11.5,False,485,454,197.16363112641017,0.000625584611354821
15,-9.5,True,-10.5,True,486,485,-0.5744977057569116,-0.17690440084468662
15,-9.5,True,-10.5,False,486,455,198.76520320153327,0.0002707956291335317
15,-8.5,True,-9.5,True,487,486,-0.580779602067949,-0.1719179095143632
15,-8.5,True,-9.5,False,487,456,200.35405945249363,-4.304682201078948e-05
15,-7.5,True,-8.5,True,488,487,-0.5869153615810632,-0.16277854644191483
15,-7.5,True,-8.5,False,488,457,201.93049804762984,-0.00031729486417959656
15,-6.5,True,-7.5,True,489,488,-0.5929105639356322,-0.15030097211967983
15,-6.5,True,-7.5,False,489,458,203.49480568089837,-0.0005532272351270322
15,-5.5,True,-6.5,True,490,489,-0.5987704949992434,-0.1351138847632794
15,-5.5,True,-6.5,False,490,459,205.0472581807487,-0.0007520544430862495
15,-4.5,True,-5.5,True,491,490,-0.6045001664596441,-0.11772803765714328
15,-4.5,True,-5.5,False,491,460,206.58812107807503,-0.0009149234842817136
15,-3.5,True,-4.5,True,492,491,-0.6101043338434948,-0.09857571008453149
15,-3.5,True,-4.5,False,492,461,208.11765013655713,-0.0010429221662802116
15,-2.5,True,-3.5,True,493,492,-0.615587513108693,-0.07803541807881716
15,-2.5,True,-3.5,False,493,462,209.63609184839012,-0.0011370830754961166
15,-1.5,True,-2.5,True,494,493,-0.6209539959411785,-0.05644843023041985
15,-1.5,True,-2.5,False,494,463,211.14368389812546,-0.0011983872229420279
15,-0.5,True,-1.5,True,495,494,-0.6262078638751518,-0.03413050837922455
15,-0.5,True,-1.5,False,495,464,212.64065559709437,-0.001227767398609244
15,0.5,True,-0.5,True,496,495,-0.6313530013416226,-0.011380800378048894
15,0.5,True,-0.5,False,496,465,214.1272282906628,-0.001226111261602442
15,1.5,True,0.5,True,497,496,-0.6363931077399059,0.011510938821999725
15,1.5,True,0.5,False,497,466,215.6036157403665,-0.0011942641902847827
15,2.5,True,1.5,True,498,497,-0.6413317086178267,0.034258007212399987
15,2.5,True,1.5,False,498,467,217.070024482794,-0.0011330319141614077
15,3.5,True,2.5,True,499,498,-0.6461721660372461,0.056570691580177176
15,3.5,True,2.5,False,499,468,218.52665416692412,-0.0010431829469909882
15,4.5,True,3.5,True,500,499,-0.6509176881938856,0.07814992908251976
15,4.5,True,3.5,False,500,469,219.9736978714782,-0.0009254508386389848
15,5.5,True,4.5,True,501,500,-0.6555713383543207,0.09868008939309643
15,5.5,True,4.5,False,501,470,221.41134240371522,-0.0007805362614299678
15,6.5,True,5.5,True,502,501,-0.6601360431667445,0.11782008723587438
15,6.5,True,5.5,False,502,471,222.83976858097938,-0.0006091089451969486
15,7.5,True,6.5,True,503,502,-0.664614600396277,0.13519164972213038
15,7.5,True,6.5,False,503,472,224.25915149620158,-0.0004118094738451826
15,8.5,True,7.5,True,504,503,-0.6690096861319859,0.15036281246715477
15,8.5,True,7.5,False,504,473,225.66966076845853,-0.00018925095500267993
15,9.5,True,8.5,True,505,504,-0.6733238615069439,0.16282322672083518
15,9.5,True,8.5,False,505,474,227.07146077960482,5.797942675914572e-05
15,10.5,True,9.5,True,506,505,-0.6775595789706728,0.17194471613251933
15,10.5,True,9.5,False,506,475,228.46471089791243,0.0003293189636505729
15,11.5,True,10.5,True,507,506,-0.6817191881477527,0.1769133046825627
15,11.5,True,10.5,False,507,476,229.8495656895792,0.0006242280767156786
15,12.5,True,11.5,True,508,507,-0.6858049413153253,0.17660032634000358
15,12.5,True,11.5,False,508,477,231.22617511890135,0.0009421890583989539
15,13.5,True,12.5,True,509,508,-0.6898189985282954,0.1692838484728808
15,13.5,True,12.5,False,509,478,232.59468473784295,0.0012827048985112651
15,14.5,True,13.5,True,510,509,-0.6937634324179953,0.15191447840992098
15,14.5,True,13.5,False,510,479,233.95523586568186,0.0016452981871154313
15,15.5,True,14.5,True,511,510,-0.6976402326896078,0.11734558266929568
15,15.5,True,14.5,False,511,480,235.3079657593595,0.0020295100884413146
16,-15.5,False,-16.5,False,513,512,-2.2099301520035652,0.11425797915504561
16,-14.5,False,-15.5,False,514,513,-2.2026560873165977,-0.14878746644658536
16,-14.5,False,-15.5,True,514,545,-193.55284191799362,-0.00019736858913398317
16,-13.5,False,-14.5,False,515,514,-2.195568249388245,-0.16690931593820577
16,-13.5,False,-14.5,True,515,546,-195.20693269591322,-0.0003317834906232942
16,-12.5,False,-13.5,False,516,515,-2.1886588251577734,-0.17546409674444213
16,-12.5,False,-13.5,True,516,547,-196.84702621167403,-0.00045479071152678975
16,-11.5,False,-12.5,False,517,516,-2.181920452916202,-0.17735187978701308
16,-11.5,False,-12.5,True,517,548,-198.47347193096277,-0.000568301422677897
16,-10.5,False,-11.5,False,518,517,-2.175346189326234,-0.17419947474246605
16,-10.5,False,-11.5,True,518,549,-200.08660501442,-0.0006727276463765525
16,-9.5,False,-10.5,False,519,518,-2.168929479339596,-0.16706576440151186
16,-9.5,False,-10.5,True,519,550,-201.6867471243006,-0.0007681692547587721
16,-8.5,False,-9.5,False,520,519,-2.1626641287175232,-0.15670871089189337
16,-8.5,False,-9.5,True,520,551,-203.27420717357253,-0.000854633941401876
16,-7.5,False,-8.5,False,521,520,-2.156544278890678,-0.14370857597355
16,-7.5,False,-8.5,True,521,552,-204.84928202239553,-0.000932099211864691
16,-6.5,False,-7.5,False,522,521,-2.150564383928085,-0.12853269531500397
16,-6.5,False,-7.5,True,522,553,-206.41225712642904,-0.0010005341150203246
16,-5.5,False,-6.5,False,523,522,-2.14471918940788,-0.11157289905815965
16,-5.5,False,-6.5,True,523,554,-207.9634071409798,-0.001059907843411968
16,-4.5,False,-5.5,False,524,523,-2.1390037130081083,-0.09316878156917877
16,-4.5,False,-5.5,True,524,555,-209.50299648461055,-0.001110193309613146
16,-3.5,False,-4.5,False,525,524,-2.1334132266537438,-0.07362309059890326
16,-3.5,False,-4.5,True,525,556,-211.0312798654872,-0.0011513685785129615
16,-2.5,False,-3.5,False,526,525,-2.127943240074856,-0.05321248548983813
16,-2.5,False,-3.5,True,526,557,-212.54850277343058,-0.001183417313523583
16,-1.5,False,-2.5,False,527,526,-2.1225894856460314,-0.03219547644475597
16,-1.5,False,-2.5,True,527,558,-214.05490194036628,-0.0012063287469053707
16,-0.5,False,-1.5,False,528,527,-2.1173479043905985,-0.01081862595416082
16,-0.5,False,-1.5,True,528,559,-215.5507057716177,-0.0012200974142556565
16,0.5,False,-0.5,False,529,528,-2.112214633045369,0.010678294486469583
16,0.5,False,-0.5,True,529,560,-217.03613475026842,-0.0012247227705369636
16,1.5,False,0.5,False,530,529,-2.107185992092127,0.03205770666957771
16,1.5,False,0.5,True,530,561,-218.5114018166207,-0.001220208744658158
16,2.5,False,1.5,False,531,530,-2.102258474671899,0.053079803617281915
16,2.5,False,1.5,True,531,562,-219.9767127245995,-0.0012065632568442715
16,3.5,False,2.5,False,532,531,-2.0974287363057584,0.07349795068185257
16,3.5,False,2.5,True,532,563,-221.43226637679197,-0.0011837977020516877
16,4.5,False,3.5,False,533,532,-2.0926935853536293,0.09305352633174988
16,4.5,False,3.5,True,533,564,-222.87825513966612,-0.0011519263849224897
16,5.5,False,4.5,False,534,533,-2.0880499741500245,0.11146971667609877
16,5.5,False,4.5,True,534,565,-224.31486514038454,-0.001110965870501807
16,6.5,False,5.5,False,535,534,-2.0834949907596467,0.1284435701592592
16,6.5,False,5.5,True,535,566,-225.742276546509,-0.0010609341815157255
16,7.5,False,6.5,False,536,535,-2.079025851302859,0.14363523059107453
16,7.5,False,6.5,True,536,567,-227.1606638297863,-0.00100184971148369
16,8.5,False,7.5,False,537,536,-2.074639892805223,0.1566525352464824
16,8.5,False,7.5,True,537,568,-228.57019601510916,-0.0009337295981971698
16,9.5,False,8.5,False,538,537,-2.0703345665288424,0.16702772619552028
16,9.5,False,8.5,True,538,569,-229.97103691565803,-0.0008565870280220058
16,10.5,False,9.5,False,539,538,-2.0661074317475254,0.1741800005346986
16,10.5,False,9.5,True,539,570,-231.36334535514914,-0.000770426285306805
16,11.5,False,10.5,False,540,539,-2.061956149932513,0.17735068833294104
16,11.5,False,10.5,True,540,571,-232.74727537804398,-0.0006752326186997922
16,12.5,False,11.5,False,541,540,-2.057878479315036,0.17547994734672034
16,12.5,False,11.5,True,541,572,-234.1229764485063,-0.0005709487094283333
16,13.5,False,12.5,False,542,541,-2.0538722697991716,0.1669395858988474
16,13.5,False,12.5,True,542,573,-235.4905936388353,-0.00045741029276291086
16,14.5,False,13.5,False,543,542,-2.049935458197581,0.14882731227058393
16,14.5,False,13.5,True,543,574,-236.85026780804685,-0.0003341218886959427
16,15.5,False,14.5,False,544,543,-2.0460660637662613,0.1142980588933699
16,15.5,False,14.5,True,544,575,-238.20213577122547,-0.00019905469347112465
16,-15.5,True,-16.5,False,545,512,189.14025567867344,-0.0025176753565718927
16,-14.5,True,-15.5,True,546,545,-0.5414774714686246,-0.11430483149334932
16,-14.5,True,-15.5,False,546,513,190.8087083592084,0.002007397123813075
16,-13.5,True,-14.5,True,547,546,-0.5485653093969773,-0.1488332202885423
16,-13.5,True,-14.5,False,547,514,192.462799137128,0.0015401872542176057
16,-12.5,True,-13.5,True,548,547,-0.5554747336274488,-0.16694321411342483
16,-12.5,True,-13.5,False,548,515,194.1028926528888,0.0011144551741984687
16,-11.5,True,-12.5,True,549,548,-0.5622131058690201,-0.17548088265065195
16,-11.5,True,-12.5,False,549,516,195.72933837217755,0.0007287044415085921
16,-10.5,True,-11.5,True,550,549,-0.5687873694589882,-0.17734899617699987
16,-10.5,True,-11.5,False,550,517,197.34247145563478,0.0003815255778631443
16,-9.5,True,-10.5,True,551,550,-0.5752040794455979,-0.17417601178732048
16,-9.5,True,-10.5,False,551,518,198.94261356551542,7.15895587233774e-05
16,-8.5,True,-9.5,True,552,551,-0.581469430067699,-0.16702192070996297
16,-8.5,True,-9.5,False,552,519,200.5300736147873,-0.0002023581096779166
16,-7.5,True,-8.5,True,553,552,-0.5875892798945443,-0.1566454682256103
16,-7.5,True,-8.5,False,553,520,202.1051484636103,-0.00044150278759748997
16,-6.5,True,-7.5,True,554,553,-0.5935691748571372,-0.1436274819458434
16,-6.5,True,-7.5,False,554,521,203.66812356764382,-0.0006469656275233966
16,-5.5,True,-6.5,True,555,554,-0.5994143693773424,-0.12843570788042327
16,-5.5,True,-6.5,False,555,522,205.21927358219457,-0.0008198080762789574
16,-4.5,True,-5.5,True,556,555,-0.6051298457771139,-0.11146226954713487
16,-4.5,True,-5.5,False,556,523,206.75886292582533,-0.0009610359958452101
16,-3.5,True,-4.5,True,557,556,-0.61072033213145,-0.0930469633092944
16,-3.5,True,-4.5,False,557,524,208.287146306702,-0.0010716034404625197
16,-2.5,True,-3.5,True,558,557,-0.6161903187103661,-0.07349266530773403
16,-2.5,True,-3.5,False,558,525,209.80436921464536,-0.001152416123368256
16,-1.5,True,-2.5,True,559,558,-0.6215440731391908,-0.05307610241600112
16,-1.5,True,-2.5,False,559,526,211.31076838158106,-0.001204334602857549
16,-0.5,True,-1.5,True,560,559,-0.6267856543946237,-0.03205580084723498
16,-0.5,True,-1.5,False,560,527,212.80657221283246,-0.0012281772141280612
16,0.5,True,-0.5,True,561,560,-0.6319189257398534,-0.010678294486469661
16,0.5,True,-0.5,False,561,528,214.2920011914832,-0.00122472277053697
16,1.5,True,0.5,True,562,561,-0.6369475666930953,0.01081671331251953
16,1.5,True,0.5,False,562,529,215.76726825783547,-0.0011947130554054147
16,2.5,True,1.5,True,563,562,-0.6418750841132947,0.03219174838566681
16,2.5,True,1.5,False,563,530,217.2325791658143,-0.0011388551233018109
16,3.5,True,2.5,True,564,563,-0.6467048224794638,0.05320714128445952
16,3.5,True,2.5,False,564,531,218.68813281800675,-0.001057823427792859
16,4.5,True,3.5,True,565,564,-0.651439973431593,0.07361642706804206
16,4.5,True,3.5,False,565,532,220.1341215808809,-0.0009522617909272305
16,5.5,True,4.5,True,566,565,-0.6560835846351978,0.0931611858796715
16,5.5,True,4.5,False,566,533,221.57073158159932,-0.0008227852281913323
16,6.5,True,5.5,True,567,566,-0.6606385680255755,0.11156483846137387
16,6.5,True,5.5,False,567,534,222.99814298772378,-0.0006699816413176992
16,7.5,True,6.5,True,568,567,-0.6651077074823633,0.128524703281843
16,7.5,True,6.5,False,568,535,224.41653027100108,-0.0004944133901219684
16,8.5,True,7.5,True,569,568,-0.6694936659799708,0.14370123390152478
16,8.5,True,7.5,False,569,536,225.82606245632394,-0.0002966187534679089
16,9.5,True,8.5,True,570,569,-0.6737989922563941,0.15670262412985025
16,9.5,True,8.5,False,570,537,227.22690335687278,-7.711328849867305e-05
16,10.5,True,9.5,True,571,570,-0.6780261270376826,0.16706153062708737
16,10.5,True,9.5,False,571,538,228.61921179636394,0.00016360890358301186
16,11.5,True,10.5,True,572,571,-0.6821774088527093,0.17419764146116487
16,11.5,True,10.5,False,572,539,230.00314181925876,0.0004250739976705737
16,12.5,True,11.5,True,573,572,-0.686255079470186,0.1773528852552964
16,12.5,True,11.5,False,573,540,231.37884288972108,0.0007068273440249726
16,13.5,True,12.5,True,574,573,-0.6902612889860222,0.1754681832400076
16,13.5,True,12.5,False,574,541,232.7464600800501,0.0010084324404469023
16,14.5,True,13.5,True,575,574,-0.6941981005876556,0.16691639062702082
16,14.5,True,13.5,False,575,542,234.10613424926163,0.001329469971703574
16,15.5,True,14.5,True,576,575,-0.6980674950189325,0.14879684146119757
16,15.5,True,14.5,False,576,543,235.45800221244025,0.0016695369110527783
16,16.5,True,15.5,True,577,576,-0.7018713747683307,0.11426771507849828
16,16.5,True,15.5,False,577,544,236.8021969014382,0.0020282456791655018
17,-16.5,False,-17.5,False,579,578,-2.2165053756933446,0.11140610346107668
17,-15.5,False,-16.5,False,580,579,-2.2090602303790092,-0.1458183899754135
17,-15.5,False,-16.5,True,580,613,-192.0823965084356,-0.00018586909809490578
17,-14.5,False,-15.5,False,581,580,-2.201808604461192,-0.16452640429898294
17,-14.5,False,-15.5,True,581,614,-193.7491317844906,-0.00031314780687472367
17,-13.5,False,-14.5,False,582,581,-2.194742256954825,-0.1741006829109536
17,-13.5,False,-14.5,True,582,615,-195.4015490871214,-0.0004302486354730062
17,-12.5,False,-13.5,False,583,582,-2.1878534299800236,-0.1773112045107192
17,-12.5,False,-13.5,True,583,616,-197.04001121527102,-0.0005389571113310759
17,-11.5,False,-12.5,False,584,583,-2.1811348129479455,-0.17570286257168458
17,-11.5,False,-12.5,True,584,617,-198.66486589941377,-0.0006396517964963426
17,-10.5,False,-11.5,False,585,584,-2.174579509940102,-0.170275119976054
17,-10.5,False,-11.5,True,585,618,-200.2764466635166,-0.0007324187927560419
17,-9.5,False,-10.5,False,586,585,-2.1681810099481567,-0.1617387822418272
17,-9.5,False,-10.5,True,586,619,-201.87507362461963,-0.0008172582099364851
17,-8.5,False,-9.5,False,587,586,-2.161933159683926,-0.15063424366356515
17,-8.5,False,-9.5,True,587,620,-203.46105423546646,-0.0008941423084698743
17,-7.5,False,-8.5,False,588,587,-2.1558301387002246,-0.13739349050412067
17,-7.5,False,-8.5,True,588,621,-205.03468397506543,-0.0009630358507732417
17,-6.5,False,-7.5,False,589,588,-2.149866436594934,-0.12237580261777486
17,-6.5,False,-7.5,True,589,622,-206.59624699157536,-0.0010239041317997206
17,-5.5,False,-6.5,False,590,589,-2.144036832094187,-0.10588984988013779
17,-5.5,False,-6.5,True,590,623,-208.14601670147925,-0.001076716299690278
17,-4.5,False,-5.5,False,591,590,-2.1383363738352017,-0.08820820187108483
17,-4.5,False,-5.5,True,591,624,-209.68425634862342,-0.001121446670014137
17,-3.5,False,-4.5,False,592,591,-2.1327603626875344,-0.06957736052026858
17,-3.5,False,-4.5,True,592,625,-211.21121952636094,-0.0011580751206725917
17,-2.5,False,-3.5,False,593,592,-2.1273043354691197,-0.050225039772823915
17,-2.5,False,-3.5,True,593,626,-212.7271506657324,-0.0011865870467100456
17,-1.5,False,-2.5,False,594,593,-2.12196404992919,-0.03036570892692645
17,-1.5,False,-2.5,True,594,627,-214.2322854923455,-0.0012069731011532495
17,-0.5,False,-1.5,False,595,594,-2.116735470883185,-0.010205036005194762
17,-0.5,False,-1.5,True,595,628,-215.72685145437265,-0.0012192288335721331
17,0.5,False,-0.5,False,596,595,-2.111614757396424,0.01005634339869804
17,0.5,False,-0.5,True,596,629,-217.21106812386705,-0.0012233542825501598
17,1.5,False,0.5,False,597,596,-2.106598250924094,0.03021942292895796
17,1.5,False,0.5,True,597,630,-218.68514757340233,-0.0012193535493711257
17,2.5,False,1.5,False,598,597,-2.1016824643248384,0.050083537881091246
17,2.5,False,1.5,True,598,631,-220.14929472986603,-0.001207234363756156
17,3.5,False,2.5,False,599,598,-2.096864071672144,0.06944296111238557
17,3.5,False,2.5,True,599,632,-221.60370770707783,-0.001187007641503808
17,4.5,False,3.5,False,600,599,-2.0921398987963045,0.08808313232405436
17,4.5,False,3.5,True,600,633,-223.04857811876104,-0.0011586870244026288
17,5.5,False,4.5,False,601,600,-2.0875069144961316,0.10577621168355866
17,5.5,False,4.5,True,601,634,-224.48409137326826,-0.0011222883815827486
17,6.5,False,5.5,False,602,601,-2.082962222364685,0.12227553206412047
17,6.5,False,5.5,True,602,635,-225.91042695134388,-0.001077829234517549
17,7.5,False,6.5,False,603,602,-2.0785030531789204,0.1373083130779809
17,7.5,False,6.5,True,603,636,-227.32775866810226,-0.0010253280381813765
17,8.5,False,7.5,False,604,603,-2.0741267578080738,0.15056561949733685
17,8.5,False,7.5,True,604,637,-228.73625492030402,-0.0009648031940006872
17,9.5,False,8.5,False,605,604,-2.0698308005997887,0.16168783874025489
17,9.5,False,8.5,True,605,638,-230.1360789199267,-0.0008962715534602352
17,10.5,False,9.5,False,606,605,-2.0656127532052437,0.17024256549463396
17,10.5,False,9.5,True,606,639,-231.52738891494647,-0.0008197459136985826
17,11.5,False,10.5,False,607,606,-2.061470288811023,0.17568887090075905
17,11.5,False,10.5,True,607,640,-232.91033839817754,-0.0007352303891982086
17,12.5,False,11.5,False,608,607,-2.057401176744719,0.1773152515591988
17,12.5,False,11.5,True,608,641,-234.28507630494806,-0.00064271090415299
17,13.5,False,12.5,False,609,608,-2.0534032774271793,0.17412129814437124
17,13.5,False,12.5,True,609,642,-235.65174720033474,-0.0005421330753082521
17,14.5,False,13.5,False,610,609,-2.049474537644727,0.16456075011638624
17,14.5,False,13.5,True,610,643,-237.01049145662145,-0.0004333416555859624
17,15.5,False,14.5,False,611,610,-2.0456129861179875,0.14586142000548502
17,15.5,False,14.5,True,611,644,-238.36144542159894,-0.00031586951241645186
17,16.5,False,15.5,False,612,611,-2.041816729345385,0.11144825682115035
17,16.5,False,15.5,True,612,645,-239.7047415782771,-0.00018780636476672564
17,-16.5,True,-17.5,False,613,578,187.65683090236325,-0.0025501647503517327
17,-15.5,True,-16.5,True,614,613,-0.535073328406213,-0.1114559358852651
17,-15.5,True,-16.5,False,614,579,189.33826294965039,0.002060659841249589
17,-14.5,True,-15.5,True,615,614,-0.5423249543240303,-0.14586839969461193
17,-14.5,True,-15.5,False,615,580,191.00499822570538,0.0016107565998301672
17,-13.5,True,-14.5,True,616,615,-0.5493913018303971,-0.16456542802613547
17,-13.5,True,-14.5,False,616,581,192.65741552833617,0.0011989618299657466
17,-12.5,True,-13.5,True,617,616,-0.5562801288051986,-0.17412314201740794
17,-12.5,True,-13.5,False,617,582,194.2958776564858,0.0008238721478683244
17,-11.5,True,-12.5,True,618,617,-0.5629987458372767,-0.1773142422787036
17,-11.5,True,-12.5,False,618,583,195.92073234062855,0.00048416703917883485
17,-10.5,True,-11.5,True,619,618,-0.5695540488451201,-0.17568527912412496
17,-10.5,True,-11.5,False,619,584,197.53231310473137,0.00017860256202457248
17,-9.5,True,-10.5,True,620,619,-0.5759525488370656,-0.17023683097476253
17,-9.5,True,-10.5,False,620,585,199.1309400658344,-9.399437370462598e-05
17,-8.5,True,-9.5,True,621,620,-0.5822003991012679,-0.16168049457415443
17,-8.5,True,-9.5,False,621,586,200.7169206766813,-0.0003347312120536477
17,-7.5,True,-8.5,True,622,621,-0.5883034200849977,-0.15055724024383232
17,-7.5,True,-8.5,False,622,587,202.2905504162802,-0.0005446544955316239
17,-6.5,True,-7.5,True,623,622,-0.5942671221902884,-0.13729947725836517
17,-6.5,True,-7.5,False,623,588,203.85211343279013,-0.0007247541959241174
17,-5.5,True,-6.5,True,624,623,-0.6000967266910351,-0.12226679413680906
17,-5.5,True,-6.5,False,624,589,205.40188314269403,-0.000875967673327869
17,-4.5,True,-5.5,True,625,624,-0.6057971849500206,-0.10576808069265937
17,-4.5,True,-5.5,False,625,590,206.9401227898382,-0.0009991833005088507
17,-3.5,True,-4.5,True,626,625,-0.6113731960976594,-0.08807605550867899
17,-3.5,True,-4.5,False,626,591,208.46708596757577,-0.0010952437854940334
17,-2.5,True,-3.5,True,627,626,-0.6168292233161026,-0.06943731137524214
17,-2.5,True,-3.5,False,627,592,209.9830171069472,-0.0011649492216342608
17,-1.5,True,-2.5,True,628,627,-0.6221695088560324,-0.05007960438539579
17,-1.5,True,-2.5,False,628,593,211.4881519335603,-0.0012090598911581047
17,-0.5,True,-1.5,True,629,628,-0.6273980879020371,-0.030217404332411397
17,-0.5,True,-1.5,False,629,594,212.98271789558743,-0.0012282988454181208
17,0.5,True,-0.5,True,630,629,-0.6325188013887981,-0.010056343398698141
17,0.5,True,-0.5,False,630,595,214.46693456508183,-0.0012233542825501667
17,1.5,True,0.5,True,631,630,-0.6375353078611283,0.010203011018579624
17,1.5,True,0.5,False,631,596,215.9410140146171,-0.001194881741082907
17,2.5,True,1.5,True,632,631,-0.6424510944603554,0.030361750215752138
17,2.5,True,1.5,False,632,597,217.40516117108086,-0.0011435061261061581
17,3.5,True,2.5,True,633,632,-0.6472694871130784,0.05021933461344016
17,3.5,True,2.5,False,633,598,218.8595741482926,-0.0010698235829045442
17,4.5,True,3.5,True,634,633,-0.6519936599889178,0.06957018851904324
17,4.5,True,3.5,False,634,599,220.30444455997582,-0.000974403231453078
17,5.5,True,4.5,True,635,634,-0.6566266442890907,0.08819992908003711
17,5.5,True,4.5,False,635,600,221.73995781448303,-0.0008577887738332078
17,6.5,True,5.5,True,636,635,-0.6611713364205372,0.10588092045233637
17,6.5,True,5.5,False,636,601,223.16629339255866,-0.0007204999854404822
17,7.5,True,6.5,True,637,636,-0.6656305056063019,0.12236672760508152
17,7.5,True,6.5,False,637,602,224.58362510931704,-0.0005630340997946561
17,8.5,True,7.5,True,638,637,-0.6700068009771201,0.1373848332097783
17,8.5,True,7.5,False,638,603,225.99212136151883,-0.000385867095820816
17,9.5,True,8.5,True,639,638,-0.6743027581854477,0.15062660068175163
17,9.5,True,8.5,False,639,604,227.39194536114144,-0.00018945489563188992
17,10.5,True,9.5,True,640,639,-0.6785208055799643,0.1617327588768062
17,10.5,True,9.5,False,640,605,228.78325535616128,2.57655199168091e-05
17,11.5,True,10.5,True,641,640,-0.6826632699741992,0.17027129799942192
17,11.5,True,10.5,False,641,606,230.16620483939232,0.00025937507129644737
17,12.5,True,11.5,True,642,641,-0.6867323820405034,0.17570175695792895
17,12.5,True,11.5,False,642,607,231.54094274616284,0.0005109716100002515
17,13.5,True,12.5,True,643,642,-0.6907302813580145,0.1773132032074882
17,13.5,True,12.5,False,643,608,232.90761364154955,0.0007801690124097304
17,14.5,True,13.5,True,644,643,-0.6946590211404953,0.1741059580348934
17,14.5,True,13.5,False,644,609,234.26635789783623,0.0010665963328664722
17,15.5,True,14.5,True,645,644,-0.6985205726672206,0.16453476867217162
17,15.5,True,14.5,False,645,610,235.61731186281372,0.0013698970114138114
17,16.5,True,15.5,True,646,645,-0.7023168294398374,0.14582902648142768
17,16.5,True,15.5,False,646,611,236.96060801949187,0.0016897281320801428
17,17.5,True,16.5,True,647,646,-0.7060496110837136,0.11141687271755005
17,17.5,True,16.5,False,647,612,238.29637513775356,0.0020257597279214434
18,-17.5,False,-18.5,False,649,648,-2.223184145309517,0.10875501672208468
18,-16.5,False,-17.5,False,650,649,-2.215562536702322,-0.14299354743171697
18,-16.5,False,-17.5,True,650,685,-190.61225635399128,-0.00017551226733416087
18,-15.5,False,-16.5,False,651,650,-2.208142083942221,-0.16215821366481079
18,-15.5,False,-16.5,True,651,686,-192.29182741585063,-0.00029629635268485206
18,-14.5,False,-15.5,False,652,651,-2.2009140912480376,-0.1725783189731439
18,-14.5,False,-15.5,True,652,687,-193.95675003225568,-0.000407953632602445
18,-13.5,False,-14.5,False,653,652,-2.193870380186709,-0.17690893681381908
18,-13.5,False,-14.5,True,653,688,-195.60740094490518,-0.0005121566145035514
18,-12.5,False,-13.5,False,654,653,-2.1870032507600285,-0.17662338225303828
18,-12.5,False,-13.5,True,654,689,-197.2441410170667,-0.0006092535469634116
18,-11.5,False,-12.5,False,655,654,-2.1803054460100526,-0.17266974775591093
18,-11.5,False,-12.5,True,655,690,-198.86731615505158,-0.0006993179337175846
18,-10.5,False,-11.5,False,656,655,-2.1737701197735504,-0.1657185080715652
18,-10.5,False,-11.5,True,656,691,-200.47725816204996,-0.0007823428901710712
18,-9.5,False,-10.5,False,657,656,-2.167390807258869,-0.15627633665227453
18,-9.5,False,-10.5,True,657,692,-202.07428553029715,-0.000858295829133463
18,-8.5,False,-9.5,False,658,657,-2.1611613981586117,-0.14474566271634462
18,-8.5,False,-9.5,True,658,693,-203.6587041769294,-0.0009271375680549018
18,-7.5,False,-8.5,False,659,658,-2.155076112043332,-0.13145887618783758
18,-7.5,False,-8.5,True,659,694,-205.23080812834615,-0.0009888298419740192
18,-6.5,False,-7.5,False,660,659,-2.1491294758113497,-0.1166994241566401
18,-6.5,False,-7.5,True,660,695,-206.79088015741561,-0.0010433383883194
18,-5.5,False,-6.5,False,661,660,-2.1433163029941227,-0.1007155945732709
18,-5.5,False,-6.5,True,661,696,-208.33919237743586,-0.0010906341486236744
18,-4.5,False,-5.5,False,662,661,-2.137631674740163,-0.08372997577761573
18,-4.5,False,-5.5,True,662,697,-209.87600679638493,-0.0011306936103121941
18,-3.5,False,-4.5,False,663,662,-2.1320709223183627,-0.06594624311701407
18,-3.5,False,-4.5,True,663,698,-211.40157583465822,-0.0011634987395674964
18,-2.5,False,-3.5,False,664,663,-2.126629610999302,-0.047554240101019676
18,-2.5,False,-3.5,True,664,699,-212.91614280919072,-0.0011890367181818919
18,-1.5,False,-2.5,False,665,664,-2.1213035251884804,-0.02873395198964301
18,-1.5,False,-2.5,True,665,700,-214.41994238659328,-0.001207299589894258
18,-0.5,False,-1.5,False,666,665,-2.11608865469789,-0.009658761703602008
18,-0.5,False,-1.5,True,666,701,-215.9132010076944,-0.0012182838699048276
18,0.5,False,-0.5,False,667,666,-2.1109811820542177,0.009501741713955698
18,0.5,False,-0.5,True,667,702,-217.3961372856613,-0.0012219901447611068
18,1.5,False,0.5,False,668,667,-2.10597747075262,0.028579199842760555
18,1.5,False,0.5,True,668,703,-218.8689623796829,-0.0012184226753802754
18,2.5,False,1.5,False,669,668,-2.1010740543740667,0.047403999549204635
18,2.5,False,1.5,True,669,704,-220.33188034602438,-0.0012075890074147123
18,3.5,False,2.5,False,670,669,-2.096267626491837,0.06580270904314925
18,3.5,False,2.5,True,670,705,-221.78508846810507,-0.0011894995872690954
18,4.5,False,3.5,False,671,670,-2.0915550313003735,0.0835952679885299
18,4.5,False,3.5,True,671,706,-223.22877756711208,-0.001164167376896949
18,5.5,False,4.5,False,672,671,-2.0869332549070094,0.10059172931674772
18,5.5,False,4.5,True,672,707,-224.66313229453425,-0.0011316074544283135
18,6.5,False,5.5,False,673,672,-2.082399417230633,0.11658828232639241
18,6.5,False,5.5,True,673,708,-226.08833140788664,-0.0010918365787479737
18,7.5,False,6.5,False,674,673,-2.0779507644589046,0.13136216688145513
18,7.5,False,6.5,True,674,709,-227.50454803079097,-0.0010448726810912152
18,8.5,False,7.5,False,675,674,-2.073584662018547,0.14466488033680147
18,8.5,False,7.5,True,675,710,-228.91194989848321,-0.0009907342192546384
18,9.5,False,8.5,False,676,675,-2.069298588018384,0.15621270897877657
18,9.5,False,8.5,True,676,711,-230.31069958973495,-0.000929439276667881
18,10.5,False,9.5,False,677,676,-2.0650901271271778,0.16567293145002754
18,10.5,False,9.5,True,677,712,-231.70095474609528,-0.000861004178546067
18,11.5,False,10.5,False,678,677,-2.0609569648539434,0.1726427033266326
18,11.5,False,10.5,True,678,713,-233.08286827929118,-0.000785441154336411
18,12.5,False,11.5,False,679,678,-2.056896882198572,0.17661482296829523
18,12.5,False,11.5,True,679,714,-234.45658856755847,-0.0007027539930636073
18,13.5,False,12.5,False,680,679,-2.052907750645147,0.1769181265609633
18,13.5,False,12.5,True,680,715,-235.82225964161697,-0.0006129290904050679
18,14.5,False,13.5,False,681,680,-2.048987527473031,0.17260358605546958
18,14.5,False,13.5,True,681,716,-237.18002136094995,-0.0005159145897834259
18,15.5,False,14.5,False,682,681,-2.0451342513608495,0.16219653079671434
18,15.5,False,14.5,True,682,717,-238.5300095809986,-0.00041156323220318814
18,16.5,False,15.5,False,683,682,-2.0413460382630717,0.14303968530413766
18,16.5,False,15.5,True,683,718,-239.8723563118373,-0.00029943314979458585
18,17.5,False,16.5,False,684,683,-2.0376210775390007,0.10879920713734903
18,17.5,False,16.5,True,684,719,-241.20718986885416,-0.00017771980896466819
18,-17.5,True,-18.5,False,685,648,186.17350967197945,-0.0025818335357492878
18,-16.5,True,-17.5,True,686,685,-0.5285710220828719,-0.10880783648443902
18,-16.5,True,-17.5,False,686,649,187.8681227952061,0.0021107924703604223
18,-15.5,True,-16.5,True,687,686,-0.5359914748430015,-0.14304780229678316
18,-15.5,True,-16.5,False,687,650,189.5476938570654,0.0016764238721425691
18,-14.5,True,-15.5,True,688,687,-0.5432194675371846,-0.16220234404708803
18,-14.5,True,-15.5,False,688,651,191.21261647347046,0.0012773159674195705
18,-13.5,True,-14.5,True,689,688,-0.550263178598513,-0.1726064434110794
18,-13.5,True,-14.5,False,689,652,192.86326738611996,0.0009121432915131177
18,-12.5,True,-13.5,True,690,689,-0.5571303080251937,-0.17691792313694438
18,-12.5,True,-13.5,False,690,653,194.5000074582815,0.0005796599142464357
18,-11.5,True,-12.5,True,691,690,-0.5638281127751696,-0.17661176698557737
18,-11.5,True,-12.5,False,691,654,196.12318259626636,0.00027869330507311526
18,-10.5,True,-11.5,True,692,691,-0.5703634390116719,-0.1726371909070332
18,-10.5,True,-11.5,False,692,655,197.73312460326474,8.138767784853746e-06
18,-9.5,True,-10.5,True,693,692,-0.5767427515263535,-0.165665468606729
18,-9.5,True,-10.5,False,693,656,199.33015197151192,-0.00023304561656739588
18,-8.5,True,-9.5,True,694,693,-0.5829721606265821,-0.15620385843814186
18,-8.5,True,-9.5,False,694,657,200.9145706181442,-0.00044584359240623823
18,-7.5,True,-8.5,True,695,694,-0.5890574467418901,-0.14465522317848725
18,-7.5,True,-8.5,False,695,658,202.48667456956093,-0.0006311849254296751
18,-6.5,True,-7.5,True,696,695,-0.5950040829738725,-0.13135227384202414
18,-6.5,True,-7.5,False,696,659,204.0467465986304,-0.0007899492332734515
18,-5.5,True,-6.5,True,697,696,-0.6008172557910996,-0.11657869183729247
18,-5.5,True,-6.5,False,697,660,205.59505881865064,-0.0009229694879747845
18,-4.5,True,-5.5,True,698,697,-0.6065018840450591,-0.1005829304875531
18,-4.5,True,-5.5,False,698,661,207.1318732375997,-0.001031035222927871
18,-3.5,True,-4.5,True,699,698,-0.6120626364668311,-0.08358768738323412
18,-3.5,True,-4.5,False,699,662,208.65744227587305,-0.0011148954733365725
18,-2.5,True,-3.5,True,700,699,-0.6175039477859201,-0.0657967004793339
18,-2.5,True,-3.5,False,700,663,210.1720092504055,-0.001175261475935832
18,-1.5,True,-2.5,True,701,700,-0.6228300335967418,-0.04739983639363583
18,-1.5,True,-2.5,False,701,664,211.67580882780805,-0.0012128091509240565
18,-0.5,True,-1.5,True,702,701,-0.6280449040873322,-0.028577069441644586
18,-0.5,True,-1.5,False,702,665,213.16906744890917,-0.0012281813865686261
18,0.5,True,-0.5,True,703,702,-0.6331523767310046,-0.009501741713955682
18,0.5,True,-0.5,False,703,666,214.65200372687607,-0.0012219901447611068
18,1.5,True,0.5,True,704,703,-0.638156088032602,0.00965662529763621
18,1.5,True,0.5,False,704,667,216.12482882089768,-0.0011948184038768498
18,2.5,True,1.5,True,705,704,-0.6430595044111271,0.028729765100678838
18,2.5,True,1.5,False,705,668,217.58774678723918,-0.0011472219535957557
18,3.5,True,2.5,True,706,705,-0.6478659322933851,0.04754817922455388
18,3.5,True,2.5,False,706,669,219.04095490931985,-0.0010797310548400062
18,4.5,True,3.5,True,707,706,-0.6525785274848488,0.06593857227568627
18,4.5,True,3.5,False,707,670,220.48464400832685,-0.0009928519766557492
18,5.5,True,4.5,True,708,707,-0.6572003038782128,0.08372104166879202
18,5.5,True,4.5,False,708,671,221.91899873574903,-0.0008870684206857454
18,6.5,True,5.5,True,709,708,-0.6617341415545894,0.10070581971329938
18,6.5,True,5.5,False,709,672,223.34419784910142,-0.0007628428428317679
18,7.5,True,6.5,True,710,709,-0.6661827943263177,0.1166892977257488
18,7.5,True,6.5,False,710,673,224.76041447200575,-0.0006206176807746906
18,8.5,True,7.5,True,711,710,-0.6705488967666469,0.13144894214582714
18,8.5,True,7.5,False,711,674,226.167816339698,-0.0004608164951851528
18,9.5,True,8.5,True,712,711,-0.6748349707668382,0.14473650456908557
18,9.5,True,8.5,False,712,675,227.56656603094973,-0.00028384503171940056
18,10.5,True,9.5,True,713,712,-0.6790434316580445,0.15626855796379677
18,10.5,True,9.5,False,713,676,228.95682118731006,-9.009221022707607e-05
18,11.5,True,10.5,True,714,713,-0.6831765939312788,0.1657127073645415
18,11.5,True,10.5,False,714,677,230.33873472050595,0.00012006895299211819
18,12.5,True,11.5,True,715,714,-0.6872366765866502,0.17266648568242002
18,12.5,True,11.5,False,715,678,231.71245500877325,0.00034628048458347087
18,13.5,True,12.5,True,716,715,-0.6912258081400466,0.17662313754299003
18,13.5,True,12.5,False,716,679,233.07812608283177,0.0005881986503607193
18,14.5,True,13.5,True,717,716,-0.6951460313121913,0.1769120448007149
18,14.5,True,13.5,False,717,680,234.43588780216473,0.0008454932039613363
18,15.5,True,14.5,True,718,717,-0.6989993074243728,0.17258488053193013
18,15.5,True,14.5,False,718,681,235.7858760222134,0.0011178466839337302
18,16.5,True,15.5,True,719,718,-0.7027875205221505,0.16216794708651983
18,16.5,True,15.5,False,719,682,237.12822275305209,0.0014049537555943699
18,17.5,True,16.5,True,720,719,-0.7065124812462074,0.14300550641970006
18,17.5,True,16.5,False,720,683,238.46305631006896,0.001706520594315523
18,18.5,True,17.5,True,721,720,-0.7101759304690205,0.10876686064100174
18,18.5,True,17.5,False,721,684,239.79050145713893,0.0020222643071863954
19,-18.5,False,-19.5,False,723,722,-2.2299689148446333,0.1062824958644323
19,-17.5,False,-18.5,False,724,723,-2.2221652479014153,-0.14030593767546348
19,-17.5,False,-18.5,True,724,761,-189.14242860426057,-0.000166125239739757
19,-16.5,False,-17.5,False,725,724,-2.2145707360393203,-0.15982400991462775
19,-16.5,False,-17.5,True,725,762,-190.8350310294161,-0.0002809692384576041
19,-15.5,False,-16.5,False,726,725,-2.207176199905149,-0.17094888897704935
19,-15.5,False,-16.5,True,726,763,-192.51264440657536,-0.0003875940720646472
19,-14.5,False,-15.5,False,727,726,-2.1999730144417526,-0.17623327520701024
19,-14.5,False,-15.5,True,727,764,-194.175660062137,-0.0004875698214986344
19,-13.5,False,-14.5,False,728,727,-2.1929530665824615,-0.17708732417535109
19,-13.5,False,-14.5,True,728,765,-195.82445258437605,-0.0005812170337605838
19,-12.5,False,-13.5,False,729,728,-2.1861087168254727,-0.17441422928431188
19,-12.5,False,-13.5,True,729,766,-197.45938080899873,-0.0006685975653474593
19,-11.5,False,-12.5,False,730,729,-2.1794327642755604,-0.1688495514040161
19,-11.5,False,-12.5,True,730,767,-199.08078873131456,-0.0007496979990429611
19,-10.5,False,-11.5,False,731,730,-2.172918414789322,-0.16087105667600998
19,-10.5,False,-11.5,True,731,768,-200.68900635159423,-0.0008244812023218005
19,-9.5,False,-10.5,False,732,731,-2.1665592519027115,-0.1508560913394504
19,-9.5,False,-10.5,True,732,769,-202.284350459501,-0.0008929043049808091
19,-8.5,False,-9.5,False,733,732,-2.160349210259227,-0.13911446486796208
19,-8.5,False,-9.5,True,733,770,-203.86712536287777,-0.0009549257388183373
19,-7.5,False,-8.5,False,734,733,-2.1542825512872383,-0.12590867685756896
19,-7.5,False,-8.5,True,734,771,-205.437623565639,-0.001010508103888991
19,-6.5,False,-7.5,False,735,734,-2.1483538409063385,-0.11146708386449602
19,-6.5,False,-7.5,True,735,772,-206.99612639904737,-0.0010596192632678352
19,-5.5,False,-6.5,False,736,735,-2.142557929063983,-0.09599288770723367
19,-5.5,False,-6.5,True,736,773,-208.54290461023248,-0.0011022326315812195
19,-4.5,False,-5.5,False,737,736,-2.136889930928973,-0.07967053379140898
19,-4.5,False,-5.5,True,737,774,-210.07821891144022,-0.0011383270825818075
19,-3.5,False,-4.5,False,738,737,-2.131345209584623,-0.0626704465978225
19,-3.5,False,-4.5,True,738,775,-211.60232049316858,-0.0011678866764259369
19,-2.5,False,-3.5,False,739,738,-2.1259193600823494,-0.04515267122730227
19,-2.5,False,-3.5,True,739,776,-213.11545150405036,-0.0011909003060965439
19,-1.5,False,-2.5,False,740,739,-2.1206081947316733,-0.02726978694785516
19,-1.5,False,-2.5,True,740,777,-214.61784550007917,-0.0012073613137394475
19,-0.5,False,-1.5,False,741,740,-2.115407729514203,-0.009169339977134705
19,-0.5,False,-1.5,True,741,778,-216.1097278655398,-0.0012172671029605255
19,0.5,False,-0.5,False,742,741,-2.1103141715218925,0.009004027689898003
19,0.5,False,-0.5,True,742,779,-217.59131620779067,-0.0012206187599437916
19,1.5,False,0.5,False,743,742,-2.105323907329492,0.02710661755613679
19,1.5,False,0.5,True,743,780,-219.06282072785683,-0.0012174206888128079
19,2.5,False,1.5,False,744,743,-2.1004334922200485,0.044993767540245484
19,2.5,False,1.5,True,744,781,-220.52444456862116,-0.0012076802621106546
19,3.5,False,2.5,False,745,744,-2.0956396401907824,0.0625178907162825
19,3.5,False,2.5,True,745,782,-221.9763841422468,-0.0011914074840603758
19,4.5,False,3.5,False,746,745,-2.090939214672588,0.0795263453796224
19,4.5,False,3.5,True,746,783,-223.41882943832496,-0.001168614661394483
19,5.5,False,4.5,False,747,746,-2.086329219905238,0.09585900051146273
19,5.5,False,4.5,True,747,784,-224.85196431411754,-0.0011393160731839275
19,6.5,False,5.5,False,748,747,-2.08180679291236,0.11134531970449105
19,6.5,False,5.5,True,748,785,-226.27596676814994,-0.0011035276262457837
19,7.5,False,6.5,False,749,748,-2.0773691960290535,0.12580071611651794
19,7.5,False,6.5,True,749,786,-227.69100919830612,-0.0010612664747797025
19,8.5,False,7.5,False,750,749,-2.0730138099368673,0.1390218121974069
19,8.5,False,7.5,True,750,787,-229.09725864548682,-0.00101255056895927
19,9.5,False,8.5,False,751,750,-2.0687381271662844,0.15078003481326777
19,9.5,False,8.5,True,751,788,-230.49487702380478,-0.0009573980713789643
19,10.5,False,9.5,False,752,751,-2.064539746029709,0.1608126178552462
19,10.5,False,9.5,True,752,789,-231.88402133821552,-0.0008958265298652967
19,11.5,False,10.5,False,753,752,-2.0604163649523173,0.16880942248929834
19,11.5,False,10.5,True,753,790,-233.26484389041235,-0.0008278515910549779
19,12.5,False,11.5,False,754,753,-2.0563657771695887,0.17439269128313722
19,12.5,False,11.5,True,754,791,-234.63749247374903,-0.0007534848091030648
19,13.5,False,12.5,False,755,754,-2.0523858657639664,0.17708413581047747
19,13.5,False,12.5,True,755,792,-236.00211055789737,-0.0006727295522957169
19,14.5,False,13.5,False,756,755,-2.048474599015975,0.1762475137658521
19,14.5,False,13.5,True,756,793,-237.3588374638921,-0.0005855725449005945
19,15.5,False,14.5,False,757,756,-2.0446300260454393,0.17097870499370965
19,15.5,False,14.5,True,757,794,-238.7078085301683,-0.0004919641348367807
19,16.5,False,15.5,False,758,757,-2.040850272722537,0.15986620670814747
19,16.5,False,15.5,True,758,795,-240.04915527015106,-0.0003917641986255224
19,17.5,False,16.5,False,759,758,-2.0371335378285664,0.140355118649032
19,17.5,False,16.5,True,759,796,-241.38300552191697,-0.00028455353987495946
19,18.5,False,17.5,False,760,759,-2.0334780894492894,0.10632869387403152
19,18.5,False,17.5,True,760,797,-242.7094835904096,-0.0001686225811074578
19,-18.5,True,-19.5,False,761,722,184.69029444151454,-0.0026128581315744207
19,-17.5,True,-18.5,True,762,761,-0.5219683108838069,-0.10633831691211751
19,-17.5,True,-18.5,False,762,723,186.39829504547535,0.002158302921829394
19,-16.5,True,-17.5,True,763,762,-0.5295628227458735,-0.14036443725985706
19,-16.5,True,-17.5,False,763,724,188.0908974706309,0.0017379248403438733
19,-15.5,True,-16.5,True,764,763,-0.5369573588801018,-0.15987323848555904
19,-15.5,True,-16.5,False,764,725,189.7685108477901,0.0013503805163224602
19,-14.5,True,-15.5,True,765,764,-0.5441605443434412,-0.17098267715072085
19,-14.5,True,-15.5,False,765,726,191.43152650335182,0.0009944100609033453
19,-13.5,True,-14.5,True,766,765,-0.5511804922027608,-0.17624823471816425
19,-13.5,True,-14.5,False,766,727,193.08031902559082,0.0006688304134188644
19,-12.5,True,-13.5,True,767,766,-0.5580248419597496,-0.17708174966359275
19,-12.5,True,-13.5,False,767,728,194.7152472502135,0.00037252932523385447
19,-11.5,True,-12.5,True,768,767,-0.5647007945096618,-0.17438754782434485
19,-11.5,True,-12.5,False,768,729,196.33665517252933,0.00010445991032588013
19,-10.5,True,-11.5,True,769,768,-0.5712151439959001,-0.16880199677113406
19,-10.5,True,-11.5,False,769,730,197.944872792809,-0.00013636429931650988
19,-9.5,True,-10.5,True,770,769,-0.5775743068824823,-0.1608034556490224
19,-9.5,True,-10.5,False,770,731,199.54021690071585,-0.0003508738477515243
19,-8.5,True,-9.5,True,771,770,-0.5837843485259953,-0.1507697133712177
19,-8.5,True,-9.5,False,771,732,201.12299180409255,-0.000539947446250215
19,-7.5,True,-8.5,True,772,771,-0.5898510074979839,-0.13901091091306617
19,-7.5,True,-8.5,False,772,733,202.69349000685378,-0.0007044157035287751
19,-6.5,True,-7.5,True,773,772,-0.5957797178788837,-0.12578979402116064
19,-6.5,True,-7.5,False,773,734,204.25199284026215,-0.0008450645320370391
19,-5.5,True,-6.5,True,774,773,-0.6015756297212391,-0.11133489793396453
19,-5.5,True,-6.5,False,774,735,205.79877105144726,-0.0009626382630104581
19,-4.5,True,-5.5,True,775,774,-0.6072436278562492,-0.09584954854230102
19,-4.5,True,-5.5,False,775,736,207.334085352655,-0.0010578424992360343
19,-3.5,True,-4.5,True,776,775,-0.6127883492005708,-0.07951827022903642
19,-3.5,True,-4.5,False,776,737,208.85818693438338,-0.0011313467312255856
19,-2.5,True,-3.5,True,777,776,-0.6182141987028729,-0.06251152855064178
19,-2.5,True,-3.5,False,777,738,210.37131794526513,-0.0011837867396312359
19,-1.5,True,-2.5,True,778,777,-0.623525364053549,-0.04498937730320435
19,-1.5,True,-2.5,False,778,739,211.87371194129395,-0.0012157668042346288
19,-0.5,True,-1.5,True,779,778,-0.6287258292710192,-0.027104376344270764
19,-0.5,True,-1.5,False,779,740,213.3655943067546,-0.0012278617376499839
19,0.5,True,-0.5,True,780,779,-0.6338193872633298,-0.009004027689898289
19,0.5,True,-0.5,False,780,741,214.84718264900545,-0.001220618759943796
19,1.5,True,0.5,True,781,780,-0.6388096514557304,0.009167093108278184
19,1.5,True,0.5,False,781,742,216.3186871690716,-0.0011945592286772054
19,2.5,True,1.5,True,782,781,-0.6437000665651453,0.02726537432195058
19,2.5,True,1.5,False,782,743,217.78031100983597,-0.0011501802373698729
19,3.5,True,2.5,True,783,782,-0.6484939185944398,0.0451462595949411
19,3.5,True,2.5,False,783,744,219.23225058346156,-0.0010879560940591781
19,4.5,True,3.5,True,784,783,-0.6531943441126344,0.06266228581137655
19,4.5,True,3.5,False,784,745,220.67469587953974,-0.0010083396904471845
19,5.5,True,4.5,True,785,784,-0.6578043388799841,0.07966095277063619
19,5.5,True,4.5,False,785,746,222.10783075533232,-0.0009117637710884151
19,6.5,True,5.5,True,786,785,-0.6623267658728622,0.09598228875683489
19,6.5,True,5.5,False,786,747,223.53183320936472,-0.0007986421111357848
19,7.5,True,6.5,True,787,786,-0.6667643627561688,0.11145593511883399
19,7.5,True,6.5,False,787,748,224.9468756395209,-0.0006693706103438557
19,8.5,True,7.5,True,788,787,-0.6711197488483265,0.12589750253095883
19,8.5,True,7.5,False,788,749,226.35312508670162,-0.0005243283102834717
19,9.5,True,8.5,True,789,788,-0.6753954316189521,0.13910383285569664
19,9.5,True,8.5,False,789,750,227.75074346501953,-0.0003638783410689342
19,10.5,True,9.5,True,790,789,-0.679593812755499,0.15084659752213014
19,10.5,True,9.5,False,790,751,229.13988777943032,-0.00018836880330967728
19,11.5,True,10.5,True,791,790,-0.683717193832905,0.16086330498762724
19,11.5,True,10.5,False,791,752,230.52071033162713,1.866409533110897e-06
19,12.5,True,11.5,True,792,791,-0.6877677816156336,0.16884412825762882
19,12.5,True,11.5,False,792,753,231.8933589149638,0.0002065068436682685
19,13.5,True,12.5,True,793,792,-0.6917476930212558,0.17441167015901052
19,13.5,True,12.5,False,793,754,233.25797699911215,0.0004252447680952989
19,14.5,True,13.5,True,794,793,-0.6956589597692187,0.17708806873393065
19,14.5,True,13.5,False,794,755,234.6147039051069,0.0006577845044102394
19,15.5,True,14.5,True,795,794,-0.6995035327397687,0.17623760447612363
19,15.5,True,14.5,False,795,756,235.9636749713831,0.0009038417997450531
19,16.5,True,15.5,True,796,795,-0.7032832860626854,0.17095683184481494
19,16.5,True,15.5,False,796,757,237.30502171136584,0.0011631432395788272
19,17.5,True,16.5,True,797,796,-0.7070000209566558,0.15983519002490396
19,17.5,True,16.5,False,797,758,238.63887196313175,0.001435425697459078
19,18.5,True,17.5,True,798,797,-0.710655469335947,0.14031927945172504
19,18.5,True,17.5,False,798,759,239.96535003162435,0.001720435818904973
19,19.5,True,18.5,True,799,798,-0.7142512972018693,0.10629545575974769
19,19.5,True,18.5,False,799,760,241.28457682387176,0.002017929537008641
20,-19.5,False,-20.5,False,801,800,-2.236862216084049,0.10396956369410974
20,-18.5,False,-19.5,False,802,801,-2.2288706732965977,-0.1377479169004717
20,-18.5,False,-19.5,True,802,841,-187.6729206321346,-0.0001575677660594866
20,-17.5,False,-18.5,False,803,802,-2.22109666777898,-0.15753640832774413
20,-17.5,False,-18.5,True,803,842,-189.37875441442498,-0.0002669536388361134
20,-16.5,False,-17.5,False,804,803,-2.213530505774827,-0.16925049152190835
20,-16.5,False,-17.5,True,804,843,-191.06924802919355,-0.000368911558422563
20,-15.5,False,-16.5,False,805,804,-2.206163087713577,-0.17535096559914823
20,-15.5,False,-16.5,True,805,844,-192.74480806389676,-0.00046491814042658094
20,-14.5,False,-15.5,False,806,805,-2.198985862187527,-0.17719177832029936
20,-14.5,False,-15.5,True,806,845,-194.4058234550126,-0.00055526841199791
20,-13.5,False,-14.5,False,807,806,-2.191990784212777,-0.17563650607467612
20,-13.5,False,-14.5,True,807,846,-196.05266654262772,-0.0006400133554218595
20,-12.5,False,-13.5,False,808,807,-2.18517027730924,-0.17129016635641042
20,-12.5,False,-13.5,True,808,847,-197.68569404536453,-0.000719133380758616
20,-11.5,False,-12.5,False,809,808,-2.1785171989950243,-0.16460545622908032
20,-11.5,False,-12.5,True,809,848,-199.30524796288356,-0.0007925870366501563
20,-10.5,False,-11.5,False,810,809,-2.172024809336534,-0.15593816347022202
20,-10.5,False,-11.5,True,810,849,-200.9116564124299,-0.0008603279555803377
20,-9.5,False,-10.5,False,811,810,-2.165686742240368,-0.14557886935767209
20,-9.5,False,-10.5,True,811,850,-202.5052344052216,-0.0009223114579695673
20,-8.5,False,-9.5,False,812,811,-2.1594969792082566,-0.13377240787018987
20,-8.5,False,-9.5,True,812,851,-204.086284567885,-0.0009784972147680957
20,-7.5,False,-8.5,False,813,812,-2.153449825309508,-0.12073049713635096
20,-7.5,False,-8.5,True,813,852,-205.65509781361754,-0.0010288502403386416
20,-6.5,False,-7.5,False,814,813,-2.147539887153087,-0.10664032862704308
20,-6.5,False,-7.5,True,814,853,-207.2119539672949,-0.0010733411281808457
20,-5.5,False,-6.5,False,815,814,-2.1417620526646317,-0.09167064732297658
20,-5.5,False,-6.5,True,815,854,-208.7571223483274,-0.0011119459312454256
20,-4.5,False,-5.5,False,816,815,-2.1361114724976886,-0.07597621550277944
20,-4.5,False,-5.5,True,816,855,-210.2908623147045,-0.001144645876202402
20,-3.5,False,-4.5,False,817,816,-2.130583542923887,-0.05970120553285777
20,-3.5,False,-4.5,True,817,856,-211.81342377134087,-0.0011714270053801961
20,-2.5,False,-3.5,False,818,817,-2.125173890065753,-0.04298186974060769
20,-2.5,False,-3.5,True,818,857,-213.3250476455453,-0.0011922797941867935
20,-1.5,False,-2.5,False,819,818,-2.1198783553492717,-0.02594871916594668
20,-1.5,False,-2.5,True,819,858,-214.8259663321751,-0.0012071987685959846
20,-0.5,False,-1.5,False,820,819,-2.1146929820664155,-0.008728372711779502
20,-0.5,False,-1.5,True,820,859,-216.3164041108056,-0.0012161821350056528
20,0.5,False,-0.5,False,821,820,-2.109614002948149,0.00855480457994047
20,0.5,False,-0.5,True,821,860,-217.79657753703492,-0.0012192314280159156
20,1.5,False,0.5,False,822,821,-2.104637828660401,0.025777180788678303
20,1.5,False,0.5,True,822,861,-219.26669580985825,-0.0012163511777712344
20,2.5,False,1.5,False,823,822,-2.0997610371422155,0.042814374014330824
20,2.5,False,1.5,True,823,862,-220.72696111687566,-0.001207548596071678
20,3.5,False,2.5,False,824,823,-2.0949803637147255,0.05953973121558042
20,3.5,False,2.5,True,824,863,-222.1775689589474,-0.0011928332787052723
20,4.5,False,3.5,False,825,824,-2.0902926918952573,0.07582268906446563
20,4.5,False,3.5,True,825,864,-223.61870845577215,-0.0011722169198589644
20,5.5,False,4.5,False,826,825,-2.0856950448589657,0.09152692342576486
20,5.5,False,4.5,True,826,865,-225.05056263374115,-0.0011457130325873187
20,6.5,False,5.5,False,827,826,-2.081184577493758,0.10650816864545679
20,6.5,False,5.5,True,827,866,-226.47330869730865,-0.0011133366666311113
20,7.5,False,6.5,False,828,827,-2.076758569000674,0.12061154499015965
20,7.5,False,6.5,True,828,867,-227.88711828501786,-0.0010751041105699266
20,8.5,False,7.5,False,829,828,-2.072414415996519,0.13366816223478495
20,8.5,False,7.5,True,829,868,-229.29215771122983,-0.0010310325579461212
20,9.5,False,8.5,False,830,829,-2.068149626078153,0.14549065100147973
20,9.5,False,8.5,True,830,869,-230.6885881945193,-0.0009811397038853712
20,10.5,False,9.5,False,831,830,-2.0639618118127885,0.15586707598065022
20,10.5,False,9.5,True,831,870,-232.07656607362503,-0.0009254432142831389
20,11.5,False,10.5,False,832,831,-2.0598486851216364,0.16455233760968452
20,11.5,False,10.5,True,832,871,-233.45624301177423,-0.0008639599618297873
20,12.5,False,11.5,False,833,832,-2.055808052026208,0.1712555276830359
20,12.5,False,11.5,True,833,872,-234.82776619013686,-0.000796704824336208
20,13.5,False,12.5,False,834,833,-2.0518378077300667,0.17562045113020144
20,13.5,False,12.5,True,834,873,-236.1912784911079,-0.0007236886224643597
20,14.5,False,13.5,False,835,834,-2.0479359320117965,0.17719389388572845
20,14.5,False,13.5,True,835,874,-237.54691867206455,-0.0006449142503560154
20,15.5,False,14.5,False,836,835,-2.044100484904874,0.17537016345397913
20,15.5,False,14.5,True,836,875,-238.894821530196,-0.0005603686615517641
20,16.5,False,15.5,False,837,836,-2.04032960264459,0.16928476363444667
20,16.5,False,15.5,True,837,876,-240.23511805896027,-0.00047000415132661573
20,17.5,False,16.5,False,838,837,-2.036621493862242,0.15758240503286022
20,17.5,False,16.5,True,838,877,-241.56793559668188,-0.0003736870177079434
20,18.5,False,17.5,False,839,838,-2.03297443600934,0.13780008661172283
20,18.5,False,17.5,True,839,878,-242.89339796776824,-0.0002710185329572284
20,19.5,False,18.5,False,840,839,-2.0293867719948935,0.10401774615704179
20,19.5,False,18.5,True,840,879,-244.21162561698728,-0.00016037487573465262
20,-19.5,True,-20.5,False,841,800,183.20718774275394,-0.002643383824141546
20,-18.5,True,-19.5,True,842,841,-0.5152628854886245,-0.10402840605784751
20,-18.5,True,-19.5,False,842,801,184.92878707334938,0.0022036060101624836
20,-17.5,True,-18.5,True,843,842,-0.5230368910062424,-0.1378106701558514
20,-17.5,True,-18.5,False,843,802,186.63462085563975,0.0017958645673394956
20,-16.5,True,-17.5,True,844,843,-0.5306030530103669,-0.15759073652047512
20,-16.5,True,-17.5,False,844,803,188.32511447040835,0.0014188737558368466
20,-15.5,True,-16.5,True,845,844,-0.5379704710716737,-0.1692899488622648
20,-15.5,True,-16.5,False,845,804,190.0006745051115,0.0010714290608075546
20,-14.5,True,-15.5,True,846,845,-0.5451476965976667,-0.17537192337585886
20,-14.5,True,-15.5,False,846,805,191.66168989622741,0.0007524006180453776
20,-13.5,True,-14.5,True,847,846,-0.5521427745724452,-0.17719230720406604
20,-13.5,True,-14.5,False,847,806,193.3085329838425,0.00046072727904045347
20,-12.5,True,-13.5,True,848,847,-0.5589632814759824,-0.17561581921208075
20,-12.5,True,-13.5,False,848,807,194.9415604865793,0.00019541124336675252
20,-11.5,True,-12.5,True,849,848,-0.565616359790198,-0.17124829158487972
20,-11.5,True,-12.5,False,849,808,196.56111440409833,-4.448680447818813e-05
20,-10.5,True,-11.5,True,850,849,-0.5721087494486881,-0.16454302208006927
20,-10.5,True,-11.5,False,850,809,198.16752285364467,-0.0002598521087823858
20,-9.5,True,-10.5,True,851,850,-0.578446816544826,-0.15585624930967662
20,-9.5,True,-10.5,False,851,810,199.76110084643636,-0.0004515198550766334
20,-8.5,True,-9.5,True,852,851,-0.5846365795769657,-0.14547889504057196
20,-8.5,True,-9.5,False,852,811,201.34215100909978,-0.0006202788236962162
20,-7.5,True,-8.5,True,853,852,-0.5906837334757142,-0.13365604938691678
20,-7.5,True,-8.5,False,853,812,202.91096425483232,-0.0007668747217307613
20,-6.5,True,-7.5,True,854,853,-0.5965936716321352,-0.1205996202265738
20,-6.5,True,-7.5,False,854,813,204.46782040850968,-0.000892013226258492
20,-5.5,True,-6.5,True,855,854,-0.6023715061205905,-0.1064969352991241
20,-5.5,True,-6.5,False,855,814,206.0129887895422,-0.0009963627679481861
20,-4.5,True,-5.5,True,856,855,-0.6080220862875336,-0.09151683192285796
20,-4.5,True,-5.5,False,856,815,207.54672875591928,-0.0010805570807845572
20,-3.5,True,-4.5,True,857,856,-0.613550015861307,-0.07581412801292511
20,-3.5,True,-4.5,False,857,816,209.06929021255567,-0.0011451975407818884
20,-2.5,True,-3.5,True,858,857,-0.6189596687194694,-0.05953302043988917
20,-2.5,True,-3.5,False,858,817,210.5809140867601,-0.0011908553140065454
20,-1.5,True,-2.5,True,859,858,-0.6242552034359505,-0.04280975924310309
20,-1.5,True,-2.5,False,859,818,212.0818327733899,-0.0012180733320125185
20,-0.5,True,-1.5,True,860,859,-0.6294405767188067,-0.025774829786591024
20,-0.5,True,-1.5,False,860,819,213.57227055202037,-0.0012273681108406452
20,0.5,True,-0.5,True,861,860,-0.6345195558370733,-0.008554804579940444
20,0.5,True,-0.5,False,861,820,215.0524439782497,-0.0012192314280159225
20,1.5,True,0.5,True,862,861,-0.6394957301248212,0.008726016368570774
20,1.5,True,0.5,False,862,821,216.52256225107303,-0.0011941318704639383
20,2.5,True,1.5,True,863,862,-0.6443725216429783,0.025944083231497987
20,2.5,True,1.5,False,863,822,217.98282755809043,-0.001152516264931537
20,3.5,True,2.5,True,864,863,-0.6491531950704967,0.04297511211152874
20,3.5,True,2.5,False,864,823,219.43343540016218,-0.0010948110013145583
20,4.5,True,3.5,True,865,864,-0.6538408668899649,0.05969256312244243
20,4.5,True,3.5,False,865,824,220.87457489698693,-0.0010214232582486877
20,5.5,True,4.5,True,866,865,-0.6584385139262565,0.07596600086269374
20,5.5,True,4.5,False,866,825,222.30642907495593,-0.0009327421393888644
20,6.5,True,5.5,True,867,866,-0.6629489812914642,0.0916592438972087
20,6.5,True,5.5,False,867,826,223.72917513852343,-0.0008291397279775946
20,7.5,True,6.5,True,868,867,-0.6673749897845482,0.10662818446456654
20,7.5,True,6.5,False,868,827,225.14298472623264,-0.0007109720665650267
20,8.5,True,7.5,True,869,868,-0.6717191427886746,0.12071811681727333
20,8.5,True,7.5,False,869,828,226.54802415244464,-0.0005785800680892047
20,9.5,True,8.5,True,870,869,-0.6759839327070694,0.13376034230414105
20,9.5,True,8.5,False,870,829,227.94445463573408,-0.0004322903639359884
20,10.5,True,9.5,True,871,870,-0.6801717469724338,0.14556770297876592
20,10.5,True,9.5,False,871,830,229.3324325148398,-0.00027241609407816067
20,11.5,True,10.5,True,872,871,-0.6842848736635716,0.1559284981563994
20,11.5,True,10.5,False,872,831,230.712109452989,-9.925764391891384e-05
20,12.5,True,11.5,True,873,872,-0.6883255067590284,0.16459789097314437
20,12.5,True,11.5,False,873,832,232.08363263135163,8.689666795383678e-05
20,13.5,True,12.5,True,874,873,-0.6922957510551555,0.17128527123325576
20,13.5,True,12.5,False,874,833,233.4471449323227,0.00028576994727345863
20,14.5,True,13.5,True,875,874,-0.6961976267734116,0.17563478822775333
20,14.5,True,13.5,False,875,834,234.80278511327936,0.0004970961233741649
20,15.5,True,14.5,True,876,875,-0.7000330738803342,0.17719363619313339
20,15.5,True,14.5,False,876,835,236.1506879714108,0.0007206193870637492
20,16.5,True,15.5,True,877,876,-0.7038039561406322,0.17535662466437954
20,16.5,True,15.5,False,877,836,237.49098450017505,0.000956093664183289
20,17.5,True,16.5,True,878,877,-0.7075120649229802,0.1692599081594726
20,17.5,True,16.5,False,878,837,238.82380203789666,0.0012032821221993173
20,18.5,True,17.5,True,879,878,-0.7111591227758538,0.15754911143114184
20,18.5,True,17.5,False,879,838,240.14926440898304,0.0014619567073980268
20,19.5,True,18.5,True,880,879,-0.7147467867903572,0.13776270133469937
20,19.5,True,18.5,False,880,839,241.46749205820203,0.0017318977104577298
20,20.5,True,19.5,True,881,880,-0.7182766517634889,0.1039836809942464
20,20.5,True,19.5,False,881,840,242.77860217843343,0.0020128933583541753
21,-20.5,False,-21.5,False,883,882,-2.24386666169805,0.10179991453020418
21,-19.5,False,-20.5,False,884,883,-2.2356811924452273,-0.13531169521467182
21,-19.5,False,-20.5,True,884,925,-186.20374004251124,-0.0001497248169303646
21,-18.5,False,-19.5,False,885,884,-2.2277220470624144,-0.15530342301526215
21,-18.5,False,-19.5,True,885,926,-187.9230097232337,-0.00025407357609245483
21,-17.5,False,-18.5,False,886,885,-2.2199789843408126,-0.1675112719241713
21,-17.5,False,-18.5,True,886,927,-189.62657719585167,-0.0003516901333702462
21,-16.5,False,-17.5,False,887,886,-2.212442400346603,-0.17431298747449292
21,-16.5,False,-17.5,True,887,928,-191.31486502175386,-0.0004439652712309829
21,-15.5,False,-16.5,False,888,887,-2.205103278323975,-0.1770121199801038
21,-15.5,False,-16.5,True,888,929,-192.98827714163923,-0.000531170328161867
21,-14.5,False,-15.5,False,889,888,-2.197953143329272,-0.17643699772802496
21,-14.5,False,-15.5,True,889,930,-194.64720000450728,-0.0006133460405258207
21,-13.5,False,-14.5,False,890,889,-2.1909840210767015,-0.17316567236692232
21,-13.5,False,-14.5,True,890,931,-196.29200361012803,-0.0006904669229429097
21,-12.5,False,-13.5,False,891,890,-2.1841884005415437,-0.16762888080514027
21,-12.5,False,-13.5,True,891,932,-197.92304247296107,-0.0007624873706394306
21,-11.5,False,-12.5,False,892,891,-2.1775591999216317,-0.16016367653307242
21,-11.5,False,-12.5,True,892,933,-199.540656514639,-0.0008293576553340104
21,-10.5,False,-11.5,False,893,892,-2.171089735606756,-0.1510440689440276
21,-10.5,False,-11.5,True,893,934,-201.14517189138218,-0.0008910301258691941
21,-9.5,False,-10.5,False,894,893,-2.164773693846726,-0.14049979682869157
21,-9.5,False,-10.5,True,894,935,-202.73690176205042,-0.0009474616798346994
21,-8.5,False,-9.5,False,895,894,-2.1586051048446677,-0.12872848765003547
21,-8.5,False,-9.5,True,895,936,-204.3161470019566,-0.0009986146589744287
21,-7.5,False,-8.5,False,896,895,-2.1525783190346885,-0.1159039011387174
21,-7.5,False,-8.5,True,896,937,-205.88319686705077,-0.0010444570326700344
21,-6.5,False,-7.5,False,897,896,-2.14668798532891,-0.10218174083754675
21,-6.5,False,-7.5,True,897,938,-207.43832961262916,-0.0010849622496532792
21,-5.5,False,-6.5,False,898,897,-2.1409290311434717,-0.08770389589827941
21,-5.5,False,-6.5,True,898,939,-208.98181307031632,-0.0011201089368682313
21,-4.5,False,-5.5,False,899,898,-2.1352966440349235,-0.07260163853244485
21,-4.5,False,-5.5,True,899,940,-210.51390518670948,-0.001149880533853495
21,-3.5,False,-4.5,False,900,899,-2.1297862547946522,-0.05699811085943731
21,-3.5,False,-4.5,True,900,941,-212.03485452675383,-0.0011742649075893233
21,-2.5,False,-3.5,False,901,900,-2.1243935218671766,-0.04101032152605138
21,-2.5,False,-3.5,True,901,942,-213.54490074463047,-0.001193253970855991
21,-1.5,False,-2.5,False,902,901,-2.119114316971377,-0.02475080336179268
21,-1.5,False,-2.5,True,902,943,-215.0442750246838,-0.0012068433156290144
21,-0.5,False,-1.5,False,903,902,-2.1139447118164156,-0.008329040387440836
21,-0.5,False,-1.5,True,903,944,-216.53320049468635,-0.001215031866774043
21,0.5,False,-0.5,False,904,903,-2.10888096581499,0.008147254253024544
21,0.5,False,-0.5,True,904,945,-218.01189261353255,-0.0012178215577867068
21,1.5,False,0.5,False,905,904,-2.1039195147069023,0.024570944009336675
21,1.5,False,0.5,True,905,946,-219.4805595352692,-0.00121521702826766
21,2.5,False,1.5,False,906,905,-2.0990569600142237,0.04083430150729375
21,2.5,False,1.5,True,906,947,-220.93940245120513,-0.0012072253415293815
21,3.5,False,2.5,False,907,906,-2.0942900592571334,0.056827813929019186
21,3.5,False,2.5,True,907,948,-222.3886159116913,-0.001193855719791569
21,4.5,False,3.5,False,908,907,-2.089615716865964,0.07243890438949861
21,4.5,False,3.5,True,908,949,-223.82838812902918,-0.0011751192935492445
21,5.5,False,4.5,False,909,908,-2.0850309757329057,0.08755050384304172
21,5.5,False,4.5,True,909,950,-225.2589012628428,-0.0011510288606539753
21,6.5,False,5.5,False,910,909,-2.0805330093491676,0.10203939188602196
21,6.5,False,5.5,True,910,951,-226.68033168913968,-0.0011215986491410793
21,7.5,False,6.5,False,911,910,-2.0761191144817417,0.11577419804174031
21,7.5,False,6.5,True,911,952,-228.09285025418535,-0.0010868440754408962
21,8.5,False,7.5,False,912,911,-2.071786704345371,0.1286129121196843
21,8.5,False,7.5,True,912,953,-229.49662251422723,-0.0010467814856178572
21,9.5,False,8.5,False,913,912,-2.0675333022316664,0.14039968306239192
21,9.5,False,8.5,True,913,954,-230.89180896201907,-0.0010014278603398714
21,10.5,False,9.5,False,914,913,-2.063356535558512,0.1509605722169823
21,10.5,False,9.5,True,914,955,-232.278565241024,-0.0009508004518367245
21,11.5,False,10.5,False,915,914,-2.0592541303086307,0.1600977351369544
21,11.5,False,10.5,True,915,956,-233.65704234810596,-0.000894916297855359
21,12.5,False,11.5,False,916,915,-2.055223905826523,0.16758116882580212
21,12.5,False,11.5,True,916,957,-235.0273868254559,-0.0008337915121381789
21,13.5,False,12.5,False,917,916,-2.051263769947127,0.17313653948825394
21,13.5,False,12.5,True,917,958,-236.38974094244435,-0.0007674401569391556
21,14.5,False,13.5,False,918,917,-2.0473717144320176,0.17642638996003587
21,14.5,False,13.5,True,918,959,-237.74424286803827,-0.0006958722953170107
21,15.5,False,14.5,False,919,918,-2.0435458106896647,0.17701947092217832
21,15.5,False,14.5,True,919,960,-239.0910268343747,-0.0006190903227216184
21,16.5,False,15.5,False,920,919,-2.0397842057596165,0.17433706099281188
21,16.5,False,15.5,True,920,961,-240.4302232920388,-0.000537081353734591
21,17.5,False,16.5,False,921,920,-2.036085118541223,0.16754991726840276
21,17.5,False,16.5,True,921,962,-241.7619590575544,-0.0004497994231960771
21,18.5,False,17.5,False,922,921,-2.0324468362500454,0.15535315086146892
21,18.5,False,17.5,True,922,963,-243.08635745356045,-0.0003571166464537907
21,19.5,False,18.5,False,923,922,-2.0288677110850983,0.13536680863151246
21,19.5,False,18.5,True,923,964,-244.4035384421104,-0.00025865287672281994
21,20.5,False,19.5,False,924,923,-2.0253461570928835,0.10185006398343077
21,20.5,False,19.5,True,924,965,-245.71361875150313,-0.00015286214027254868
21,-20.5,True,-21.5,False,925,882,181.72419218836797,-0.0026735317491107602
21,-19.5,True,-20.5,True,926,925,-0.5084523663399949,-0.10186180383844713
21,-19.5,True,-20.5,False,926,883,183.45960648372602,0.002247044189822105
21,-18.5,True,-19.5,True,927,926,-0.5164115117228079,-0.13537871970400445
21,-18.5,True,-19.5,False,927,884,185.17887616444847,0.0018507453188689885
21,-17.5,True,-18.5,True,928,927,-0.5241545744444096,-0.15536286163989024
21,-17.5,True,-18.5,False,928,885,186.88244363706644,0.001483397999149985
21,-16.5,True,-17.5,True,929,928,-0.531691158438619,-0.16755641127642754
21,-16.5,True,-17.5,False,929,886,188.57073146296864,0.0011438445500483402
21,-15.5,True,-16.5,True,930,929,-0.539030280461219,-0.17433997105792146
21,-15.5,True,-16.5,False,930,887,190.24414358285404,0.0008310002158189093
21,-14.5,True,-15.5,True,931,930,-0.5461804154559502,-0.17701880933433578
21,-14.5,True,-15.5,False,931,888,191.90306644572206,0.0005438472787990356
21,-13.5,True,-14.5,True,932,931,-0.5531495377085207,-0.17642240804322457
21,-13.5,True,-14.5,False,932,889,193.5478700513428,0.00028142974368663
21,-12.5,True,-13.5,True,933,932,-0.5599451582436785,-0.17312964191373517
21,-12.5,True,-13.5,False,933,890,195.17890891417585,4.28485286768711e-05
21,-11.5,True,-12.5,True,934,933,-0.5665743588635905,-0.16757185607603317
21,-11.5,True,-12.5,False,934,891,196.7965229558538,-0.00017274289258401775
21,-10.5,True,-11.5,True,935,934,-0.573043823178466,-0.1600865623965207
21,-10.5,True,-11.5,False,935,892,198.40103833259695,-0.0003661424472593349
21,-9.5,True,-10.5,True,936,935,-0.5793598649384961,-0.15094811873819083
21,-9.5,True,-10.5,False,936,893,199.9927682032652,-0.0005381030607857341
21,-8.5,True,-9.5,True,937,936,-0.5855284539405261,-0.140386528662504
21,-8.5,True,-9.5,False,937,894,201.57201344317141,-0.0006893359333238423
21,-7.5,True,-8.5,True,938,937,-0.5915552397505337,-0.12859961878517884
21,-7.5,True,-8.5,False,938,895,203.13906330826555,-0.0008205135284677866
21,-6.5,True,-7.5,True,939,938,-0.5974455734563122,-0.11576129534059118
21,-6.5,True,-7.5,False,939,896,204.69419605384394,-0.0009322723035786431
21,-5.5,True,-6.5,True,940,939,-0.6032045276417506,-0.10202736531660334
21,-5.5,True,-6.5,False,940,897,206.2376795115311,-0.0010252152077110316
21,-4.5,True,-5.5,True,941,940,-0.6088369147502988,-0.08753978551496902
21,-4.5,True,-5.5,False,941,898,207.76977162792426,-0.0010999139701358886
21,-3.5,True,-4.5,True,942,941,-0.6143473039905416,-0.07242986560636598
21,-3.5,True,-4.5,False,942,899,209.29072096796864,-0.0011569111998878977
21,-2.5,True,-3.5,True,943,942,-0.6197400369180457,-0.0568207593624451
21,-2.5,True,-3.5,False,943,900,210.80076718584525,-0.0011967223144965138
21,-1.5,True,-2.5,True,944,943,-0.6250192418138454,-0.04082946473681641
21,-1.5,True,-2.5,False,944,901,212.30014146589858,-0.001219837314083607
21,-0.5,True,-1.5,True,945,944,-0.6301888469688066,-0.024568484265925953
21,-0.5,True,-1.5,False,945,902,213.78906693590113,-0.0012267224152682236
21,0.5,True,-0.5,True,946,945,-0.6352525929702324,-0.008147254253024707
21,0.5,True,-0.5,False,946,903,215.26775905474733,-0.0012178215577867068
21,1.5,True,0.5,True,947,946,-0.6402140440783199,0.008326575591165498
21,1.5,True,0.5,False,947,904,216.73642597648399,-0.0011935577953873005
21,2.5,True,1.5,True,948,947,-0.6450765987709701,0.024745946550310587
21,2.5,True,1.5,False,948,905,218.19526889241993,-0.0011543345813638903
21,3.5,True,2.5,True,949,948,-0.6498434995280888,0.04100322251366407
21,3.5,True,2.5,False,949,906,219.64448235290607,-0.001100536958039932
21,4.5,True,3.5,True,950,949,-0.6545178419192581,0.05698899469812147
21,4.5,True,3.5,False,950,907,221.08425457024396,-0.0010325326585755264
21,5.5,True,4.5,True,951,950,-0.6591025830523165,0.07259080266521552
21,5.5,True,4.5,False,951,908,222.5147677040576,-0.0009506731286437756
21,6.5,True,5.5,True,952,951,-0.6636005494360546,0.08769170616882101
21,6.5,True,5.5,False,952,909,223.93619813035446,-0.0008552944747791955
21,7.5,True,6.5,True,953,952,-0.6680144443034806,0.10216862622015754
21,7.5,True,6.5,False,953,910,225.34871669540013,-0.000746718345549038
21,8.5,True,7.5,True,954,953,-0.672346854439823,0.11589034699845922
21,8.5,True,7.5,False,954,911,226.75248895544206,-0.0006252527511049029
21,9.5,True,8.5,True,955,954,-0.67660025655357,0.12871502727213885
21,9.5,True,8.5,False,955,912,228.14767540323385,-0.0004911928261546693
21,10.5,True,9.5,True,956,955,-0.6807770232266961,0.14048700085975296
21,10.5,True,9.5,False,956,913,229.53443168223882,-0.0003448215409207217
21,11.5,True,10.5,True,957,956,-0.6848794284765773,0.15103253225081525
21,11.5,True,10.5,False,957,914,230.91290878932074,-0.00018641036423231792
21,12.5,True,11.5,True,958,957,-0.6889096529586851,0.1601540017832599
21,12.5,True,11.5,False,958,915,232.2832532666707,-1.6219882524171545e-05
21,13.5,True,12.5,True,959,958,-0.6928697888380952,0.16762165776432894
21,13.5,True,12.5,False,959,916,233.64560738365913,0.00016549962182830832
21,14.5,True,13.5,True,960,959,-0.6967618443532189,0.17316145140598715
21,14.5,True,13.5,False,960,917,235.00010930925305,0.00035850762970782873
21,15.5,True,14.5,True,961,960,-0.7005877480955434,0.17643625518020137
21,15.5,True,14.5,False,961,918,236.3468932755895,0.0005625728791354805
21,16.5,True,15.5,True,962,961,-0.7043493530256058,0.17701521142408977
21,16.5,True,15.5,False,962,919,237.68608973325357,0.0007774728912267572
21,17.5,True,16.5,True,963,962,-0.7080484402439993,0.1743200819052474
21,17.5,True,16.5,False,963,920,239.01782549876918,0.001002993525840343
21,18.5,True,17.5,True,964,963,-0.7116867225351484,0.16752225283612035
21,18.5,True,17.5,False,964,921,240.34222389477526,0.001238928564738851
21,19.5,True,18.5,True,965,964,-0.7152658477001523,0.1553177244218816
21,19.5,True,18.5,False,965,922,241.65940488332515,0.0014850793202653926
21,20.5,True,19.5,True,966,965,-0.7187874016923104,0.1353279819605492
21,20.5,True,19.5,False,966,923,242.96948519271794,0.0017412542677008747
21,21.5,True,20.5,True,967,966,-0.7222529115704646,0.10181523089763085
21,21.5,True,20.5,False,967,924,244.27257843824037,0.002007268699622738
22,-21.5,False,-22.5,False,969,968,-2.250984948481751,0.09975945663907387
22,-20.5,False,-21.5,False,970,969,-2.2425992577854217,-0.1329896281075159
22,-20.5,False,-21.5,True,970,1013,-184.73489468141884,-0.0001425011164693236
22,-19.5,False,-20.5,False,971,970,-2.2344491048054067,-0.15312986456396965
22,-19.5,False,-20.5,True,971,1014,-186.46780948522445,-0.00024218224323784425
22,-18.5,False,-19.5,False,972,971,-2.226523665435437,-0.16575210466380608
22,-18.5,False,-19.5,True,972,1015,-188.18464869668009,-0.0003357479534911561
22,-17.5,False,-18.5,False,973,972,-2.218812799415687,-0.17315858946354393
22,-17.5,False,-18.5,True,973,1016,-189.88585160274596,-0.0004245097346099485
22,-16.5,False,-17.5,False,974,973,-2.211306995767629,-0.1766073808030509
22,-16.5,False,-17.5,True,974,1017,-191.57183783914405,-0.0005087167784292797
22,-15.5,False,-16.5,False,975,974,-2.20399732345723,-0.176895215074269
22,-15.5,False,-16.5,True,975,1018,-193.2430085995837,-0.0005884000841943499
22,-14.5,False,-15.5,False,976,975,-2.196875386705557,-0.17457614394328844
22,-14.5,False,-15.5,True,976,1019,-194.89974775096127,-0.0006635284803819725
22,-13.5,False,-14.5,False,977,976,-2.189933284437174,-0.17006149720477814
22,-13.5,False,-14.5,True,977,1020,-196.5424228633188,-0.0007340523242586836
22,-12.5,False,-13.5,False,978,977,-2.183163573421737,-0.16367189094197643
22,-12.5,False,-13.5,True,978,1021,-198.17138616239248,-0.0007999186195840295
22,-11.5,False,-12.5,False,979,978,-2.1765592347172884,-0.15566690161332083
22,-11.5,False,-12.5,True,979,1022,-199.7869754117463,-0.0008610768412154929
22,-10.5,False,-11.5,False,980,979,-2.1701136430716303,-0.1462632213396666
22,-10.5,False,-11.5,True,980,1023,-201.38951473075,-0.0009174812265298075
22,-9.5,False,-10.5,False,981,980,-2.1638205389782144,-0.13564639558027564
22,-9.5,False,-10.5,True,981,1024,-202.9793153540146,-0.0009690915770623885
22,-8.5,False,-9.5,False,982,981,-2.157674003118615,-0.12397876239645912
22,-8.5,False,-9.5,True,982,1025,-204.55667633732622,-0.0010158733902321472
22,-7.5,False,-8.5,False,983,982,-2.1516684329548212,-0.11140503197080591
22,-7.5,False,-8.5,True,983,1026,-206.12188521461445,-0.0010577976813777906
22,-6.5,False,-7.5,False,984,983,-2.1457985212600192,-0.09805634151471346
22,-6.5,False,-7.5,True,984,1027,-207.67521861004408,-0.0010948406653524057
22,-5.5,False,-6.5,False,985,984,-2.1400592364016973,-0.08405329346562228
22,-5.5,False,-6.5,True,985,1028,-209.21694280892058,-0.0011269833810356753
22,-4.5,False,-5.5,False,986,985,-2.1344458042102588,-0.06950829862470029
22,-4.5,False,-5.5,True,986,1029,-210.7473142907473,-0.0011542113009900123
22,-3.5,False,-4.5,False,987,986,-2.128953691284565,-0.054527435525966506
22,-3.5,False,-4.5,True,987,1030,-212.26658022745693,-0.001176513947776498
22,-2.5,False,-3.5,False,988,987,-2.123578589601621,-0.03921196976314636
22,-2.5,False,-3.5,True,988,1031,-213.77497894955792,-0.0011938845276006495
22,-1.5,False,-2.5,False,989,988,-2.1183164023120042,-0.023659634600975008
22,-1.5,False,-2.5,True,989,1032,-215.27274038268632,-0.0012063195861047099
22,-0.5,False,-1.5,False,990,989,-2.113163230614532,-0.007965747205922157
22,-0.5,False,-1.5,True,990,1033,-216.76008645682762,-0.0012138186878869184
22,0.5,False,-0.5,False,991,990,-2.1081153616140824,0.007775782309734389
22,0.5,False,-0.5,True,991,1034,-218.23723149027103,-0.001216384119505978
22,1.5,False,0.5,False,992,991,-2.103169257077326,0.023471502335688354
22,1.5,False,0.5,True,992,1035,-219.7043825501772,-0.0012140206146703453
22,2.5,False,1.5,False,993,992,-2.098321543008737,0.03902749068728966
22,2.5,False,1.5,True,993,1036,-221.16173979147806,-0.0012067350996530822
22,3.5,False,2.5,False,994,993,-2.0935689999768243,0.05434840578198068
22,3.5,False,2.5,True,994,1037,-222.6094967756784,-0.001194536456496342
22,4.5,False,3.5,False,995,994,-2.0889085541277694,0.06933647703910141
22,4.5,False,3.5,True,995,1038,-224.04784077099777,-0.0011774353011132976
22,5.5,False,4.5,False,996,995,-2.0843372688297706,0.08389038778000302
22,5.5,False,4.5,True,996,1039,-225.47695303517008,-0.001155443772828381
22,6.5,False,5.5,False,997,996,-2.0798523368960673,0.09790399338835855
22,6.5,False,5.5,True,997,1040,-226.8970090821107,-0.0011285753310521205
22,7.5,False,6.5,False,998,997,-2.0754510733397353,0.11126480032630603
22,7.5,False,6.5,True,998,1041,-228.3081789335613,-0.0010968445534426045
22,8.5,False,7.5,False,999,998,-2.0711309086183576,0.12385210457838902
22,8.5,False,7.5,True,999,1042,-229.71062735673416,-0.0010602669276719595
22,9.5,False,8.5,False,1000,999,-2.0668893823295633,0.13553464564978598
22,9.5,False,8.5,True,1000,1043,-231.1045140888969,-0.0010188586251308014
22,10.5,False,9.5,False,1001,1000,-2.0627241373219647,0.14616756461181712
22,10.5,False,9.5,True,1001,1044,-232.4899940497632,-0.0009726362383032028
22,11.5,False,10.5,False,1002,1001,-2.05863291419044,0.15558834422075832
22,11.5,False,10.5,True,1002,1045,-233.86721754249038,-0.0009216164516758807
22,12.5,False,11.5,False,1003,1002,-2.0546135461255233,0.16361122271147616
22,12.5,False,11.5,True,1003,1046,-235.23633044402112,-0.0008658155938762802
22,13.5,False,12.5,False,1004,1003,-2.050663954090652,0.1700192453413213
22,13.5,False,12.5,True,1004,1047,-236.5974743854521,-0.0008052489753602423
22,14.5,False,13.5,False,1005,1004,-2.046782142303215,0.1745525136989415
22,14.5,False,13.5,True,1005,1048,-237.95078692306075,-0.000739929826318404
22,15.5,False,14.5,False,1006,1005,-2.042966193996591,0.17689001126691595
22,15.5,False,14.5,True,1006,1049,-239.29640170057533,-0.000669867451345627
22,16.5,False,15.5,False,1007,1006,-2.039214267442759,0.17661989971340533
22,16.5,False,15.5,True,1007,1050,-240.63444860322946,-0.0005950637423342074
22,17.5,False,16.5,False,1008,1007,-2.0355245922170297,0.17318746179165612
22,17.5,False,16.5,True,1008,1051,-241.96505390410402,-0.0005155059288838399
22,18.5,False,17.5,False,1009,1008,-2.03189546568791,0.1657950500742638
22,18.5,False,17.5,True,1009,1052,-243.28834040322374,-0.0004311496154497093
22,19.5,False,18.5,False,1010,1009,-2.0283252497149533,0.15318326491811632
22,19.5,False,18.5,True,1010,1053,-244.6044275598414,-0.00034187221860299525
22,20.5,False,19.5,False,1011,1010,-2.024812367542097,0.133047648648045
22,20.5,False,19.5,True,1011,1054,-245.9134316183132,-0.00024731054196120084
22,21.5,False,20.5,False,1012,1011,-2.021355300871562,0.09981156077024474
22,21.5,False,20.5,True,1012,1055,-247.21546572794165,-0.00014598961004042208
22,-21.5,True,-22.5,False,1013,968,180.24131047515164,-0.002703404093602654
22,-20.5,True,-21.5,True,1014,1013,-0.5015343009997792,-0.09982442373224067
22,-20.5,True,-21.5,False,1014,969,181.99076112263361,0.002288902998961898
22,-19.5,True,-20.5,True,1015,1014,-0.5096844539798155,-0.13306094937241958
22,-19.5,True,-20.5,False,1015,970,183.72367592643923,0.0019029876613234431
22,-18.5,True,-19.5,True,1016,1015,-0.5176098933497855,-0.1531944333206195
22,-18.5,True,-19.5,False,1016,971,185.44051513789486,0.00154446188627983
22,-17.5,True,-18.5,True,1017,1016,-0.525320759369535,-0.16580294645181404
22,-17.5,True,-18.5,False,1017,972,187.14171804396074,0.0012122075925121135
22,-16.5,True,-17.5,True,1018,1017,-0.5328265630175935,-0.17319163022764816
22,-16.5,True,-17.5,False,1018,973,188.82770428035883,0.0009051782897868441
22,-15.5,True,-16.5,True,1019,1018,-0.5401362353279922,-0.17662028527133447
22,-15.5,True,-16.5,False,1019,974,190.49887504079848,0.0006223932105794356
22,-14.5,True,-15.5,True,1020,1019,-0.547258172079637,-0.1768868139517287
22,-14.5,True,-15.5,False,1020,975,192.15561419217607,0.0003629320194710892
22,-13.5,True,-14.5,True,1021,1020,-0.5542002743480481,-0.17454609990650288
22,-13.5,True,-14.5,False,1021,976,193.79828930453357,0.00012593003439936322
22,-12.5,True,-13.5,True,1022,1021,-0.5609699853634851,-0.17001008869203466
22,-12.5,True,-13.5,False,1022,977,195.42725260360726,-8.942609763012848e-05
22,-11.5,True,-12.5,True,1023,1022,-0.5675743240679338,-0.16359986193028098
22,-11.5,True,-12.5,False,1023,978,197.0428418529611,-0.000283902320497782
22,-10.5,True,-11.5,True,1024,1023,-0.5740199157135919,-0.15557535182427656
22,-10.5,True,-11.5,False,1024,979,198.64538117196477,-0.0004582207284499738
22,-9.5,True,-10.5,True,1025,1024,-0.5803130198070079,-0.14615352291110373
22,-9.5,True,-10.5,False,1025,980,200.23518179522938,-0.0006130628035808036
22,-8.5,True,-9.5,True,1026,1025,-0.586459555666579,-0.13552012796059876
22,-8.5,True,-9.5,False,1026,981,201.81254277854103,-0.0007490723651391752
22,-7.5,True,-8.5,True,1027,1026,-0.592465125830401,-0.12383766028951369
22,-7.5,True,-8.5,False,1027,982,203.37775165582923,-0.0008668582604585394
22,-6.5,True,-7.5,True,1028,1027,-0.598335037525203,-0.11125094292179476
22,-6.5,True,-7.5,False,1028,983,204.93108505125886,-0.0009669968238165349
22,-5.5,True,-6.5,True,1029,1028,-0.604074322383525,-0.09789119079602152
22,-5.5,True,-6.5,False,1029,984,206.47280925013536,-0.0010500341264909454
22,-4.5,True,-5.5,True,1030,1029,-0.6096877545749635,-0.08387905459853863
22,-4.5,True,-5.5,False,1030,985,208.0031807319621,-0.0011164880386365515
22,-3.5,True,-4.5,True,1031,1030,-0.615179867500629,-0.06932696831849017
22,-3.5,True,-4.5,False,1031,986,209.5224466686717,-0.0011668501212938806
22,-2.5,True,-3.5,True,1032,1031,-0.6205549691836012,-0.054341012118019456
22,-2.5,True,-3.5,False,1032,987,211.0308453907727,-0.0012015873648197062
22,-1.5,True,-2.5,True,1033,1032,-0.625817156473218,-0.03902243445427553
22,-1.5,True,-2.5,False,1033,988,212.5286068239011,-0.0012211437882551038
22,-0.5,True,-1.5,True,1034,1033,-0.6309703281706902,-0.02346893492924129
22,-0.5,True,-1.5,False,1034,989,214.0159528980424,-0.0012259419125893384
22,0.5,True,-0.5,True,1035,1034,-0.6360181971711398,-0.007775782309734372
22,0.5,True,-0.5,False,1035,990,215.4930979314858,-0.0012163841195059711
22,1.5,True,0.5,True,1036,1035,-0.6409643017078963,0.007963175010863395
22,1.5,True,0.5,False,1036,991,216.96024899139198,-0.0011928539059883232
22,2.5,True,1.5,True,1037,1036,-0.6458120157764569,0.02365455935865425
22,2.5,True,1.5,False,1037,992,218.41760623269283,-0.0011557170440918548
22,3.5,True,2.5,True,1038,1037,-0.6505645588083979,0.03920453387834741
22,3.5,True,2.5,False,1038,993,219.86536321689317,-0.0011053226542466228
22,4.5,True,3.5,True,1039,1038,-0.6552250046574528,0.05451785313740916
22,4.5,True,3.5,False,1039,994,221.30370721221254,-0.0010420041996126409
22,5.5,True,4.5,True,1040,1039,-0.6597962899554517,0.06949685319326507
22,5.5,True,4.5,False,1040,995,222.73281947638486,-0.0009660804082680395
22,6.5,True,5.5,True,1041,1040,-0.664281221889155,0.08404033439985645
22,6.5,True,5.5,False,1041,996,224.1528755233255,-0.0008778561293463225
22,7.5,True,6.5,True,1042,1041,-0.6686824854454869,0.0980422797257441
22,7.5,True,6.5,False,1042,997,225.56404537477607,-0.0007776231286495261
22,8.5,True,7.5,True,1043,1042,-0.6730026501668362,0.11139033420716007
22,8.5,True,7.5,False,1043,998,226.96649379794897,-0.0006656608287374384
22,9.5,True,8.5,True,1044,1043,-0.6772441764556589,0.12396394415593182
22,9.5,True,8.5,False,1044,999,228.36038053011168,-0.000542236998023079
22,10.5,True,9.5,True,1045,1044,-0.6814094214632576,0.13563201232500124
22,10.5,True,9.5,False,1045,1000,229.74586049097798,-0.0004076083929828931
22,11.5,True,10.5,True,1046,1045,-0.685500644594768,0.1462498576426932
22,11.5,True,10.5,False,1046,1001,231.12308398370516,-0.0002620213572140437
22,12.5,True,11.5,True,1047,1046,-0.6895200126596848,0.15565515772520422
22,12.5,True,11.5,False,1047,1002,232.49219688523593,-0.00010571238073061376
22,13.5,True,12.5,True,1048,1047,-0.6934696046945703,0.1636623660586626
22,13.5,True,12.5,False,1048,1003,233.85334082666688,6.109137740970848e-05
22,14.5,True,13.5,True,1049,1048,-0.6973514164820074,0.17005476839774883
22,14.5,True,13.5,False,1049,1004,235.20665336427552,0.00023817160033584334
22,15.5,True,14.5,True,1050,1049,-0.7011673647886312,0.1745727391939552
22,15.5,True,14.5,False,1050,1005,236.5522681417901,0.0004253183558787126
22,16.5,True,15.5,True,1051,1050,-0.7049192913424633,0.17689557796513936
22,16.5,True,15.5,False,1051,1006,237.89031504444424,0.0006223296680275068
22,17.5,True,16.5,True,1052,1051,-0.7086089665681783,0.1766118227862823
22,17.5,True,16.5,False,1052,1007,239.2209203453188,0.000829011115180516
22,18.5,True,17.5,True,1053,1052,-0.712238093097298,0.1731672223661941
22,18.5,True,17.5,False,1053,1008,240.54420684443855,0.0010451754532229403
22,19.5,True,18.5,True,1054,1053,-0.7158083090702974,0.16576473880403156
22,19.5,True,18.5,False,1054,1009,241.86029400105616,0.0012706422616394208
22,20.5,True,19.5,True,1055,1054,-0.719321191243111,0.1531458388922274
22,20.5,True,19.5,False,1055,1010,243.169298059528,0.0015052376110010171
22,21.5,True,20.5,True,1056,1055,-0.7227782579136459,0.1330074768019323
22,21.5,True,20.5,False,1056,1011,244.47133216915645,0.0017487937503178732
22,22.5,True,21.5,True,1057,1056,-0.7261809716790566,0.09977601408176898
22,22.5,True,21.5,False,1057,1012,245.76650649834897,0.0020011488128628702
23,-22.5,False,-23.5,False,1059,1058,-2.2582198607513604,0.09783594518730522
23,-21.5,False,-22.5,False,1060,1059,-2.2496273973972762,-0.13077438154233464
23,-21.5,False,-22.5,True,1060,1105,-183.26639264556988,-0.00013581703776658602
23,-20.5,False,-21.5,False,1061,1060,-2.241280137165141,-0.15101830546390207
23,-20.5,False,-21.5,True,1061,1106,-185.0131666213471,-0.0002311561616208231
23,-19.5,False,-20.5,False,1062,1061,-2.2331666350159765,-0.1639884984061428
23,-19.5,False,-20.5,True,1062,1107,-186.743479834743,-0.00032093082037588016
23,-18.5,False,-19.5,False,1063,1062,-2.2252761801223784,-0.1719181948730591
23,-18.5,False,-19.5,True,1063,1108,-188.45778909109612,-0.0004063788341932181
23,-17.5,False,-18.5,False,1064,1063,-2.2175987363981733,-0.1760241556254643
23,-17.5,False,-18.5,True,1064,1109,-190.15653044883146,-0.00048772854888469306
23,-16.5,False,-17.5,False,1065,1064,-2.2101248888119613,-0.17707461694712157
23,-16.5,False,-17.5,True,1065,1110,-191.8401205152564,-0.0005650016353884623
23,-15.5,False,-16.5,False,1066,1065,-2.2028457948310063,-0.1756021171233678
23,-15.5,False,-16.5,True,1066,1111,-193.50895764011412,-0.0006381613885135016
23,-14.5,False,-15.5,False,1067,1066,-2.1957531404256088,-0.17200070099468528
23,-14.5,False,-15.5,True,1067,1112,-195.1634230165855,-0.0007071542015110243
23,-13.5,False,-14.5,False,1068,1067,-2.188839100137031,-0.16657643986974988
23,-13.5,False,-14.5,True,1068,1113,-196.80388169836294,-0.0007719238669028034
23,-12.5,False,-13.5,False,1069,1068,-2.18209630077196,-0.15957622406856192
23,-12.5,False,-13.5,True,1069,1114,-198.4306835404867,-0.0008324170485231634
23,-11.5,False,-12.5,False,1070,1069,-2.1755177883408976,-0.15120535659933265
23,-11.5,False,-12.5,True,1070,1115,-200.04416407081436,-0.0008885854018282192
23,-10.5,False,-11.5,False,1071,1070,-2.1690969979036083,-0.141638910692417
23,-10.5,False,-11.5,True,1071,1116,-201.64464529827364,-0.0009403862848044398
23,-9.5,False,-10.5,False,1072,1071,-2.1628277260238065,-0.13102939756015444
23,-9.5,False,-10.5,True,1072,1117,-203.23243646341584,-0.000987782838238158
23,-8.5,False,-9.5,False,1073,1072,-2.1567041055708387,-0.1195121419675754
23,-8.5,False,-9.5,True,1073,1118,-204.80783473622526,-0.0010307437771006507
23,-7.5,False,-8.5,False,1074,1073,-2.150720582635188,-0.1072091761176141
23,-7.5,False,-8.5,True,1074,1119,-206.3711258656461,-0.001069243053279668
23,-6.5,False,-7.5,False,1075,1074,-2.1448718953519403,-0.09423214411452845
23,-6.5,False,-7.5,True,1075,1120,-207.922584784848,-0.0011032594683275806
23,-5.5,False,-6.5,False,1076,1075,-2.1391530544478883,-0.08068452811680801
23,-5.5,False,-6.5,True,1076,1121,-209.4624761758626,-0.0011327762758614503
23,-4.5,False,-5.5,False,1077,1076,-2.133559325349623,-0.06666339986806613
23,-4.5,False,-5.5,True,1077,1122,-210.99105499687488,-0.0011577807936506803
23,-3.5,False,-4.5,False,1078,1077,-2.1280862117061474,-0.05226083538566638
23,-3.5,False,-4.5,True,1078,1123,-212.50856697514544,-0.0011782640351862656
23,-2.5,False,-3.5,False,1079,1078,-2.122729440196011,-0.037565089019968176
23,-2.5,False,-3.5,True,1079,1124,-214.0152490682624,-0.0011942203650365897
23,-1.5,False,-2.5,False,1080,1079,-2.1174849465019747,-0.02266159634714698
23,-1.5,False,-2.5,True,1080,1125,-215.51132989617517,-0.0012056471792916727
23,-0.5,False,-1.5,False,1081,1080,-2.112348862349279,-0.007633857967739399
23,-0.5,False,-1.5,True,1081,1126,-216.9970301462412,-0.0012125446107474431
23,0.5,False,-0.5,False,1082,1081,-2.1073175035124905,0.007435754950075749
23,0.5,False,-0.5,True,1082,1127,-218.47256295331775,-0.0012149152575639541
23,1.5,False,0.5,False,1083,1082,-2.1023873587076025,0.022465239513369477
23,1.5,False,0.5,True,1083,1128,-219.93813425675262,-0.0012127639336259011
23,2.5,False,1.5,False,1084,1083,-2.097555079292249,0.037372214267305116
23,2.5,False,1.5,True,1084,1129,-221.39394313596725,-0.0012060974385313717
23,3.5,False,2.5,False,1085,1084,-2.09281746970629,0.05207315781724819
23,3.5,False,2.5,True,1085,1130,-222.8401821261806,-0.0011949243449250345
23,4.5,False,3.5,False,1086,1085,-2.088171478589743,0.06648260283387132
23,4.5,False,3.5,True,1086,1131,-224.2770375156914,-0.0011792548006785751
23,5.5,False,4.5,False,1087,1086,-2.0836141905232495,0.08051225155111204
23,5.5,False,4.5,True,1087,1132,-225.70468962601916,-0.0011591003431315888
23,6.5,False,5.5,False,1088,1087,-2.0791428183389087,0.09406997188384168
23,6.5,False,5.5,True,1088,1133,-227.1233130760961,-0.001134473722144728
23,7.5,False,6.5,False,1089,1088,-2.0747546959564573,0.10705862204233912
23,7.5,False,6.5,True,1089,1134,-228.53307703160624,-0.001105388727956984
23,8.5,False,7.5,False,1090,1089,-2.0704472717023066,0.1193746341075473
23,8.5,False,7.5,True,1090,1135,-229.9341454404798,-0.001071860018577227
23,9.5,False,8.5,False,1091,1090,-2.0662181020740604,0.1309062602498687
23,9.5,False,8.5,True,1091,1136,-231.32667725547097,-0.0010339029393149736
23,10.5,False,9.5,False,1092,1091,-2.0620648459147333,0.1415313436618165
23,10.5,False,9.5,True,1092,1137,-232.71082664467454,-0.0009915333234422135
23,11.5,False,10.5,False,1093,1092,-2.057985258966653,0.15111441029728206
23,11.5,False,10.5,True,1093,1138,-234.08674319077068,-0.0009447672566639737
23,12.5,False,11.5,False,1094,1093,-2.053977188775235,0.15950276997974236
23,12.5,False,11.5,True,1094,1139,-235.45457207972737,-0.0008936207767352217
23,13.5,False,12.5,False,1095,1094,-2.0500385699160972,0.1665211341141698
23,13.5,False,12.5,True,1095,1140,-236.8144542796335,-0.0008381094583688865
23,14.5,False,13.5,False,1096,1095,-2.046167419522675,0.17196393869998308
23,14.5,False,13.5,True,1096,1141,-238.16652671028706,-0.0007782477921354899
23,15.5,False,14.5,False,1097,1096,-2.0423618330910642,0.17558397372970744
23,15.5,False,14.5,True,1097,1142,-239.51092240411555,-0.0007140481803956311
23,16.5,False,15.5,False,1098,1097,-2.0386199805429612,0.17707477026690752
23,16.5,False,15.5,True,1098,1143,-240.84777065896435,-0.0006455191840074049
23,17.5,False,16.5,False,1099,1098,-2.0349401025272016,0.17604177808992397
23,17.5,False,16.5,True,1099,1144,-242.17719718324932,-0.00057266219966329
23,18.5,False,17.5,False,1100,1099,-2.0313205069438425,0.17195179642761377
23,18.5,False,17.5,True,1100,1145,-243.49932423393514,-0.0004954645418196367
23,19.5,False,18.5,False,1101,1100,-2.0277595656746428,0.16403568005067093
23,19.5,False,18.5,True,1101,1146,-244.8142707477684,-0.00041388324392405867
23,20.5,False,19.5,False,1102,1101,-2.0242557115057878,0.15107532907420212
23,20.5,False,19.5,True,1102,1147,-246.12215246616364,-0.0003278005790948881
23,21.5,False,20.5,False,1103,1102,-2.0208074352295284,0.1308352803313869
23,21.5,False,20.5,True,1103,1148,-247.4230820541137,-0.00023686888274196307
23,22.5,False,21.5,False,1104,1103,-2.01741328291277,0.0978899963997613
23,22.5,False,21.5,True,1104,1149,-248.7171692134708,-0.00013967820523780943
23,-22.5,True,-23.5,False,1105,1058,178.75854538742124,-0.002733088027230346
23,-21.5,True,-22.5,True,1106,1105,-0.4945061613879318,-0.09790402581279554
23,-21.5,True,-22.5,False,1106,1059,180.5222590867847,0.002329422722957155
23,-20.5,True,-21.5,True,1107,1106,-0.502853421620074,-0.130850032583275
23,-20.5,True,-21.5,False,1107,1060,182.26903306256187,0.0019529466009227529
23,-19.5,True,-20.5,True,1108,1107,-0.5109669237692458,-0.1510880325044732
23,-19.5,True,-20.5,False,1108,1061,183.99934627595778,0.001602497833401629
23,-18.5,True,-19.5,True,1109,1108,-0.5188573786628439,-0.16404507066376373
23,-18.5,True,-19.5,False,1109,1062,185.7136555323109,0.0012769917381576592
23,-17.5,True,-18.5,True,1110,1109,-0.526534822387049,-0.17195732895497842
23,-17.5,True,-18.5,False,1110,1063,187.41239689004624,0.0009754142355004946
23,-16.5,True,-17.5,True,1111,1110,-0.5340086699732609,-0.17604332968815964
23,-16.5,True,-17.5,False,1111,1064,189.09598695647117,0.0006968159710687974
23,-15.5,True,-16.5,True,1112,1111,-0.541287763954216,-0.17707248860558136
23,-15.5,True,-16.5,False,1112,1065,190.7648240813289,0.00044030702592544015
23,-14.5,True,-15.5,True,1113,1112,-0.5483804183595851,-0.1755781854251505
23,-14.5,True,-15.5,False,1113,1066,192.41928945780032,0.00020505214598805007
23,-13.5,True,-14.5,True,1114,1113,-0.5552944586481914,-0.17195508842542806
23,-13.5,True,-14.5,False,1114,1067,194.05974813957772,-9.733568281017007e-06
23,-12.5,True,-13.5,True,1115,1114,-0.5620372580132624,-0.16650974141201916
23,-12.5,True,-13.5,False,1115,1068,195.6865499817015,-0.0002047885634034824
23,-11.5,True,-12.5,True,1116,1115,-0.5686157704443247,-0.15948939723902875
23,-11.5,True,-12.5,False,1116,1069,197.30003051202914,-0.00038080837059537926
23,-10.5,True,-11.5,True,1117,1116,-0.5750365608816139,-0.15109963825056197
23,-10.5,True,-11.5,False,1117,1070,198.90051173948842,-0.0005384488190211198
23,-9.5,True,-10.5,True,1118,1117,-0.5813058327614158,-0.14151575220686935
23,-9.5,True,-10.5,False,1118,1071,200.48830290463061,-0.0006783289591337563
23,-8.5,True,-9.5,True,1119,1118,-0.5874294532143551,-0.13089041319474404
23,-8.5,True,-9.5,False,1119,1072,202.06370117744007,-0.0008010337264760113
23,-7.5,True,-8.5,True,1120,1119,-0.5934129761500344,-0.11935906690151257
23,-7.5,True,-8.5,False,1120,1073,203.62699230686087,-0.0009071163727137945
23,-6.5,True,-7.5,True,1121,1120,-0.5992616634332819,-0.10704383184228329
23,-6.5,True,-7.5,False,1121,1074,205.17845122606278,-0.000997100687537888
23,-5.5,True,-6.5,True,1122,1121,-0.604980504337334,-0.09405640949174035
23,-5.5,True,-6.5,False,1122,1075,206.71834261707738,-0.0010714830323552463
23,-4.5,True,-5.5,True,1123,1122,-0.6105742334355995,-0.08050031488379719
23,-4.5,True,-5.5,False,1123,1076,208.24692143808966,-0.0011307342043114892
23,-3.5,True,-4.5,True,1124,1123,-0.6160473470790464,-0.06647263167432058
23,-3.5,True,-4.5,False,1124,1077,209.76443341636025,-0.0011753011471169101
23,-2.5,True,-3.5,True,1125,1124,-0.6214041185892114,-0.05206542966035968
23,-2.5,True,-3.5,False,1125,1078,211.27111550947717,-0.00120560852333218
23,-1.5,True,-2.5,True,1126,1125,-0.6266486122832475,-0.037366941120884414
23,-1.5,True,-2.5,False,1126,1079,212.76719633738995,-0.0012220601611780994
23,-0.5,True,-1.5,True,1127,1126,-0.6317846964359433,-0.022462565552099505
23,-0.5,True,-1.5,False,1127,1080,214.25289658745598,-0.0012250403875348587
23,0.5,True,-0.5,True,1128,1127,-0.6368160552727318,-0.007435754950076102
23,0.5,True,-0.5,False,1128,1081,215.72842939453253,-0.0012149152575639558
23,1.5,True,0.5,True,1129,1128,-0.6417462000776197,0.007631179461101994
23,1.5,True,0.5,False,1129,1082,217.1940006979674,-0.001192033690299762
23,2.5,True,1.5,True,1130,1129,-0.6465784794929448,0.02265630514344251
23,2.5,True,1.5,False,1130,1083,218.64980957718205,-0.0011567285185962802
23,3.5,True,2.5,True,1131,1130,-0.6513160890789322,0.037557320704603686
23,3.5,True,2.5,False,1131,1084,220.09604856739537,-0.0011093174609653
23,4.5,True,3.5,True,1132,1131,-0.6559620801954793,0.05225079402202615
23,4.5,True,3.5,False,1132,1085,221.53290395690618,-0.0010501040220867348
23,5.5,True,4.5,True,1133,1132,-0.6605193682619728,0.06665135594436551
23,5.5,True,4.5,False,1133,1086,222.96055606723394,-0.0009793783281044962
23,6.5,True,5.5,True,1134,1133,-0.6649907404463136,0.08067081567794752
23,6.5,True,5.5,False,1134,1087,224.3791795173109,-0.0008974179022218615
23,7.5,True,6.5,True,1135,1134,-0.6693788628287649,0.09421715699239142
23,7.5,True,6.5,False,1135,1088,225.78894347282102,-0.0008044883855833458
23,8.5,True,7.5,True,1136,1135,-0.6736862870828872,0.1071933631407465
23,8.5,True,7.5,False,1136,1089,227.1900118816946,-0.0007008442079520874
23,9.5,True,8.5,True,1137,1136,-0.6779154567111618,0.11949600099028763
23,9.5,True,8.5,False,1137,1090,228.58254369668575,-0.0005867292122723558
23,10.5,True,9.5,True,1138,1137,-0.6820687128705032,0.13101346809776995
23,10.5,True,9.5,False,1138,1091,229.9666930858893,-0.0004623772368234309
23,11.5,True,10.5,True,1139,1138,-0.6861482998185551,0.1416237648776215
23,11.5,True,10.5,False,1139,1092,231.34260963198548,-0.0003280126583354826
23,12.5,True,11.5,True,1140,1139,-0.6901563700099587,0.1511915880747835
23,12.5,True,11.5,False,1140,1093,232.71043852094218,-0.00018385089913000891
23,13.5,True,12.5,True,1141,1140,-0.694094988869125,0.15956443428752617
23,13.5,True,12.5,False,1141,1094,234.0703207208483,-3.0098901074577443e-05
23,14.5,True,13.5,True,1142,1141,-0.6979661392625616,0.16656722106290117
23,14.5,True,13.5,False,1142,1095,235.4223931515018,0.00013304443110434018
23,15.5,True,14.5,True,1143,1142,-0.701771725694158,0.1719946147298301
23,15.5,True,14.5,False,1143,1096,236.76678884533032,0.00030538781483160216
23,16.5,True,15.5,True,1144,1143,-0.7055135782422468,0.17559966684616712
23,16.5,True,15.5,False,1144,1097,238.10363710017916,0.0004867472008923945
23,17.5,True,16.5,True,1145,1144,-0.7091934562580207,0.17707621196497736
23,17.5,True,16.5,False,1145,1098,239.4330636244641,0.0006769454089072479
23,18.5,True,17.5,True,1146,1145,-0.7128130518413798,0.17603006229328386
23,18.5,True,17.5,False,1146,1099,240.75519067514992,0.0008758117852908077
23,19.5,True,18.5,True,1147,1146,-0.716373993110551,0.17192846732618497
23,19.5,True,18.5,False,1147,1100,242.0701371889832,0.0010831818820717432
23,20.5,True,19.5,True,1148,1147,-0.7198778472794487,0.1640028735405393
23,20.5,True,19.5,False,1148,1101,243.37801890737842,0.0012988971550806773
23,21.5,True,20.5,True,1149,1148,-0.7233261235556796,0.1510360269123748
23,21.5,True,20.5,False,1149,1102,244.6789484953285,0.0015228046801326143
23,22.5,True,21.5,True,1150,1149,-0.7267202758724522,0.13079385198757443
23,22.5,True,21.5,False,1150,1103,245.9730356546856,0.0017547568859483025
23,23.5,True,22.5,True,1151,1150,-0.7300617054642231,0.09785378616389509
23,23.5,True,22.5,False,1151,1104,247.26038723213412,0.001994611302651907
24,-23.5,False,-24.5,False,1153,1152,-2.2655742739053437,0.09601868576860693
24,-22.5,False,-23.5,False,1154,1153,-2.256768217888613,-0.12865901888153397
24,-22.5,False,-23.5,True,1154,1201,-181.7982422923692,-0.0001296054796611488
24,-21.5,False,-22.5,False,1155,1154,-2.2482175078576887,-0.14896975430938833
24,-21.5,False,-22.5,True,1155,1202,-183.5590944593303,-0.0002208906822912684
24,-20.5,False,-21.5,False,1156,1155,-2.239910037005295,-0.16223196659340125
24,-20.5,False,-21.5,True,1156,1203,-185.30308844540804,-0.00030710710760031796
24,-19.5,False,-20.5,False,1157,1156,-2.2318344872347353,-0.17061552108213945
24,-19.5,False,-20.5,True,1157,1204,-187.0306994108629,-0.000389423771854306
24,-18.5,False,-19.5,False,1158,1157,-2.223980264302554,-0.17529948018970884
24,-18.5,False,-19.5,True,1158,1205,-188.74238060361495,-0.0004680492717114009
24,-17.5,False,-18.5,False,1159,1158,-2.216337439363002,-0.1770262190428608
24,-17.5,False,-18.5,True,1159,1206,-190.43856474849528,-0.0005429962737759892
24,-16.5,False,-17.5,False,1160,1159,-2.2088966961806875,-0.17630886836176626
24,-16.5,False,-17.5,True,1160,1207,-192.11966532525375,-0.000614222643423525
24,-15.5,False,-16.5,False,1161,1160,-2.201649283373314,-0.17352597117769364
24,-15.5,False,-16.5,True,1161,1208,-193.78607774602256,-0.0006816708487632505
24,-14.5,False,-15.5,False,1162,1161,-2.1945869711268244,-0.16897063174874255
24,-14.5,False,-15.5,True,1162,1209,-195.43818044173744,-0.000745281497556244
24,-13.5,False,-14.5,False,1163,1162,-2.1877020118976276,-0.16287849867147294
24,-13.5,False,-14.5,True,1163,1210,-197.07633586597672,-0.0008049984767620355
24,-12.5,False,-13.5,False,1164,1163,-2.180987104673747,-0.15544484510553908
24,-12.5,False,-13.5,True,1164,1211,-198.70089142376287,-0.0008607709093584888
24,-11.5,False,-12.5,False,1165,1164,-2.1744353624204678,-0.14683558081458598
24,-11.5,False,-12.5,True,1165,1212,-200.31218033207185,-0.0009125537769241185
24,-10.5,False,-11.5,False,1166,1165,-2.1680402823812415,-0.1371946752036246
24,-10.5,False,-11.5,True,1166,1213,-201.91052241808833,-0.000960307948545433
24,-9.5,False,-10.5,False,1167,1166,-2.1617957189412778,-0.1266493511619209
24,-9.5,False,-10.5,True,1167,1214,-203.49622486062563,-0.0010039999405705284
24,-8.5,False,-9.5,False,1168,1167,-2.1556958587975714,-0.11531383769224123
24,-8.5,False,-9.5,True,1168,1215,-205.0695828795793,-0.0010436015590238143
24,-7.5,False,-8.5,False,1169,1168,-2.149735198206372,-0.10329215942546728
24,-7.5,False,-8.5,True,1169,1216,-206.630880377798,-0.0010790894989178377
24,-6.5,False,-7.5,False,1170,1169,-2.1439085221067984,-0.090680264741521
24,-6.5,False,-7.5,True,1170,1217,-208.18039053932597,-0.0011104449376498772
24,-5.5,False,-6.5,False,1171,1170,-2.138210884939028,-0.07756768959507926
24,-5.5,False,-6.5,True,1171,1218,-209.71837638758655,-0.001137653141074751
24,-4.5,False,-5.5,False,1172,1171,-2.13263759299835,-0.06403888988526292
24,-4.5,False,-5.5,True,1172,1219,-211.24509130673871,-0.0011607030911839232
24,-3.5,False,-4.5,False,1173,1172,-2.127184188180834,-0.05017433457619852
24,-3.5,False,-4.5,True,1173,1220,-212.76077952913266,-0.001179587139154199
24,-2.5,False,-3.5,False,1174,1173,-2.121846432992953,-0.03605142547848813
24,-2.5,False,-3.5,True,1174,1221,-214.26567659152127,-0.0011943006847389013
24,-1.5,False,-2.5,False,1175,1174,-2.116620296710906,-0.02174529230167564
24,-1.5,False,-2.5,True,1175,1222,-215.7600097624399,-0.0012048418814620179
24,-0.5,False,-1.5,False,1176,1175,-2.1115019425866848,-0.0073295001314440935
24,-0.5,False,-1.5,True,1176,1223,-217.24399844295226,-0.0012112113662684147
24,0.5,False,-0.5,False,1177,1176,-2.106487716008388,0.007123301025808585
24,0.5,False,-0.5,True,1177,1224,-218.71785454276213,-0.0012134120118685952
24,1.5,False,0.5,False,1178,1177,-2.101574133532125,0.021540759701965284
24,1.5,False,0.5,True,1178,1225,-220.18178283351742,-0.0012114486998146675
24,2.5,False,1.5,False,1179,1178,-2.0967578727106257,0.03585021709216203
24,2.5,False,1.5,True,1179,1226,-221.63598128097493,-0.0012053281122477346
24,3.5,False,2.5,False,1180,1179,-2.0920357626508377,0.04997809033260577
24,3.5,False,2.5,True,1180,1227,-223.0806413575512,-0.0011950585402003425
24,4.5,False,3.5,False,1181,1180,-2.0874047752394773,0.06384922258602166
24,4.5,False,3.5,True,1181,1228,-224.51594833665632,-0.0011806497062665992
24,5.5,False,4.5,False,1182,1181,-2.082862016982247,0.0773861749897738
24,5.5,False,4.5,True,1182,1229,-225.9420815700928,-0.0011621125993263215
24,6.5,False,5.5,False,1183,1182,-2.078404721405306,0.0905084307984023
24,6.5,False,5.5,True,1183,1230,-227.35921474969513,-0.0011394593187717863
24,7.5,False,6.5,False,1184,1183,-2.0740302419749383,0.10313147452909222
24,7.5,False,6.5,True,1184,1231,-228.76751615429015,-0.0011127029252619802
24,8.5,False,7.5,False,1185,1184,-2.069736045493329,0.11516569744631622
24,8.5,False,7.5,True,1185,1232,-230.1671488829732,-0.0010818572943147471
24,9.5,False,8.5,False,1186,1185,-2.065519705933994,0.12651506340009142
24,9.5,False,8.5,True,1186,1233,-231.55827107561532,-0.0010469369678290609
24,10.5,False,9.5,False,1187,1186,-2.0613788986812835,0.13707544270440894
24,10.5,False,9.5,True,1187,1234,-232.9410361214454,-0.0010079569966017865
24,11.5,False,10.5,False,1188,1187,-2.057311395144808,0.1467324810645845
24,11.5,False,10.5,True,1188,1235,-234.31559285648626,-0.0009649327634281024
24,12.5,False,11.5,False,1189,1188,-2.0533150577186916,0.1553588062339074
24,12.5,False,11.5,True,1189,1236,-235.68208575056454,-0.0009178797703286413
24,13.5,False,12.5,False,1190,1189,-2.0493878350607133,0.16281027034913012
24,13.5,False,12.5,True,1190,1237,-237.04065508455875,-0.0008668133625830357
24,14.5,False,13.5,False,1191,1190,-2.0455277576674575,0.1689207493395715
24,14.5,False,13.5,True,1191,1238,-238.39143711850167,-0.000811748341953112
24,15.5,False,14.5,False,1192,1191,-2.041732933723779,0.17349471062215294
24,15.5,False,14.5,True,1192,1239,-239.7345642511077,-0.000752698381814176
24,16.5,False,15.5,False,1193,1192,-2.0380015452067255,0.1762961879288093
24,16.5,False,15.5,True,1193,1240,-241.070165171253,-0.0006896750749074193
24,17.5,False,16.5,False,1194,1193,-2.034331844225079,0.17703168172096
24,17.5,False,16.5,True,1194,1241,-242.39836500189955,-0.0006226862632629464
24,18.5,False,17.5,False,1195,1194,-2.030722149579617,0.1753221460401693
24,18.5,False,17.5,True,1195,1242,-243.71928543691905,-0.0005517328654013459
24,19.5,False,18.5,False,1196,1195,-2.0271708435259086,0.17065378977754536
24,19.5,False,18.5,True,1196,1243,-245.03304487123935,-0.00047680226178581315
24,20.5,False,19.5,False,1197,1196,-2.023676368728246,0.16228332956935862
24,20.5,False,19.5,True,1197,1244,-246.33975852470832,-0.00039785279718900223
24,21.5,False,20.5,False,1198,1197,-2.020237225389792,0.1490303606337997
24,21.5,False,20.5,True,1198,1245,-247.6395385600411,-0.00031477121510094556
24,22.5,False,21.5,False,1199,1198,-2.016851968547911,0.1287227741224379
24,22.5,False,21.5,True,1199,1246,-248.9324941951936,-0.00022722414038198595
24,23.5,False,22.5,False,1200,1199,-2.0135192055230675,0.09607468082149209
24,23.5,False,22.5,True,1200,1247,-250.21873181047937,-0.00013386140930127051
24,-23.5,True,-24.5,False,1201,1152,177.27589980057525,-0.0027626587111272125
24,-22.5,True,-23.5,True,1202,1201,-0.4873653408965879,-0.0960899203418438
24,-22.5,True,-23.5,False,1202,1153,179.054108733584,0.002368807315529363
24,-21.5,True,-22.5,True,1203,1202,-0.49591605092754776,-0.12873903973318743
24,-21.5,True,-22.5,False,1203,1154,180.81496090054506,0.0020009240662483864
24,-20.5,True,-21.5,True,1204,1203,-0.504223521779906,-0.14904467585270761
24,-20.5,True,-21.5,False,1204,1155,182.55895488662284,0.00165787579217845
24,-19.5,True,-20.5,True,1205,1204,-0.5122990715504869,-0.16229430492027977
24,-19.5,True,-20.5,False,1205,1156,184.28656585207767,0.00133860583744564
24,-18.5,True,-19.5,True,1206,1205,-0.5201532944826681,-0.17066079001495865
24,-18.5,True,-19.5,False,1206,1157,185.99824704482972,0.001042127468830268
24,-17.5,True,-18.5,True,1207,1206,-0.52779611942222,-0.1753249798207467
24,-17.5,True,-18.5,False,1207,1158,187.69443118971006,0.0007675179642516577
24,-16.5,True,-17.5,True,1208,1207,-0.5352368626045063,-0.17703044355567887
24,-16.5,True,-17.5,False,1208,1159,189.37553176646855,0.0005139133008961052
24,-15.5,True,-16.5,True,1209,1208,-0.5424842754119368,-0.17629116344965504
24,-15.5,True,-16.5,False,1209,1160,191.0419441872373,0.0002805033725697255
24,-14.5,True,-15.5,True,1210,1209,-0.5495465876583694,-0.1734863138745985
24,-14.5,True,-15.5,False,1210,1161,192.69404688295225,6.652767519992846e-05
24,-13.5,True,-14.5,True,1211,1210,-0.5564315468875947,-0.16890947846758256
24,-13.5,True,-14.5,False,1211,1162,194.3322023071915,-0.0001287285926156636
24,-12.5,True,-13.5,True,1212,1211,-0.5631464541114752,-0.16279667482704852
24,-12.5,True,-13.5,False,1212,1163,195.95675786497765,-0.00030593806030090377
24,-11.5,True,-12.5,True,1213,1212,-0.5696981963647545,-0.1553434618393996
24,-11.5,True,-12.5,False,1213,1164,197.56804677328662,-0.0004657343876851392
24,-10.5,True,-11.5,True,1214,1213,-0.5760932764039808,-0.1467159703082318
24,-10.5,True,-11.5,False,1214,1165,199.1663888593031,-0.0006087151744976221
24,-9.5,True,-10.5,True,1215,1214,-0.5823378398439161,-0.1370583392607083
24,-9.5,True,-10.5,False,1215,1166,200.75209130184044,-0.0007354446080750621
24,-8.5,True,-9.5,True,1216,1215,-0.5884376999876508,-0.12649791956826073
24,-8.5,True,-9.5,False,1216,1167,202.32544932079406,-0.0008464558766335735
24,-7.5,True,-8.5,True,1217,1216,-0.5943983605788503,-0.11514903396746429
24,-7.5,True,-8.5,False,1217,1168,203.88674681901279,-0.0009422533722252734
24,-6.5,True,-7.5,True,1218,1217,-0.6002250366784239,-0.10311577227889608
24,-6.5,True,-7.5,False,1218,1169,205.43625698054075,-0.001023314704680372
24,-5.5,True,-6.5,True,1219,1218,-0.6059226738461945,-0.09049412400390319
24,-5.5,True,-6.5,False,1219,1170,206.97424282880132,-0.0010900925453957136
24,-4.5,True,-5.5,True,1220,1219,-0.6114959657868724,-0.07737364570905578
24,-4.5,True,-5.5,False,1220,1171,208.5009577479535,-0.0011430163176893138
24,-3.5,True,-4.5,True,1221,1220,-0.6169493706043596,-0.06383879625438298
24,-3.5,True,-4.5,False,1221,1172,210.0166459703475,-0.0011824937485816528
24,-2.5,True,-3.5,True,1222,1221,-0.6222871257922691,-0.049970032226915866
24,-2.5,True,-3.5,False,1222,1173,211.52154303273605,-0.0012089122952276118
24,-1.5,True,-2.5,True,1223,1222,-0.6275132620743165,-0.03584472960185875
24,-1.5,True,-2.5,False,1223,1174,213.01587620365467,-0.0012226404577910437
24,-0.5,True,-1.5,True,1224,1223,-0.6326316161985375,-0.021537980324175893
24,-0.5,True,-1.5,False,1224,1175,214.49986488416704,-0.0012240289892949375
24,0.5,True,-0.5,True,1225,1224,-0.6376458427768341,-0.007123301025808083
24,0.5,True,-0.5,False,1225,1176,215.9737209839769,-0.0012134120118685952
24,1.5,True,0.5,True,1226,1225,-0.6425594252530971,0.007326716433038167
24,1.5,True,0.5,False,1226,1177,217.4376492747322,-0.001191108047835998
24,2.5,True,1.5,True,1227,1226,-0.6473756860745681,0.02173978763561166
24,2.5,True,1.5,False,1227,1178,218.89184772218977,-0.0011574209732218978
24,3.5,True,2.5,True,1228,1227,-0.6520977961343846,0.036043329131354204
24,3.5,True,2.5,False,1228,1179,220.33650779876598,-0.0011126409004874496
24,4.5,True,3.5,True,1229,1228,-0.6567287835457449,0.05016384127999153
24,4.5,True,3.5,False,1229,1180,221.7718147778711,-0.0010570449966249658
24,5.5,True,4.5,True,1230,1229,-0.6612715418029751,0.06402625806220567
24,5.5,True,4.5,False,1230,1181,223.19794801130757,-0.0009908982421402556
24,6.5,True,5.5,True,1231,1230,-0.6657288373799162,0.0775532389090517
24,6.5,True,5.5,False,1231,1182,224.6150811909099,-0.0009144541359091044
24,7.5,True,6.5,True,1232,1231,-0.6701033168102839,0.09066437288595262
24,7.5,True,6.5,False,1232,1183,226.02338259550493,-0.00082795535042001
24,8.5,True,7.5,True,1233,1232,-0.6743975132918649,0.10327525805181674
24,8.5,True,7.5,False,1233,1184,227.42301532418801,-0.0007316343414828889
24,9.5,True,8.5,True,1234,1233,-0.6786138528512424,0.1152964073513453
24,9.5,True,8.5,False,1234,1185,228.8141375168301,-0.0006257139161051983
24,10.5,True,9.5,True,1235,1234,-0.6827546601039245,0.12663191508972468
24,10.5,True,9.5,False,1235,1186,230.19690256266017,-0.0005104077618906916
24,11.5,True,10.5,True,1236,1235,-0.6868221636404144,0.1371777917290351
24,11.5,True,10.5,False,1236,1187,231.57145929770104,-0.00038592094101217713
24,12.5,True,11.5,True,1237,1236,-0.6908185010665022,0.14681983409418525
24,12.5,True,11.5,False,1237,1188,232.93795219177935,-0.0002524503515327577
24,13.5,True,12.5,True,1238,1237,-0.6947457237245374,0.1554308337877416
24,13.5,True,12.5,False,1238,1189,234.2965215257735,-0.0001101851586010117
24,14.5,True,13.5,True,1239,1238,-0.6986058011177505,0.16286682194524726
24,14.5,True,13.5,False,1239,1190,235.64730355971648,4.0692802173460696e-05
24,15.5,True,14.5,True,1240,1239,-0.702400625061415,0.16896187201149812
24,15.5,True,14.5,False,1240,1191,236.9904306923225,0.00020000864706460163
24,16.5,True,15.5,True,1241,1240,-0.7061320135785252,0.17352067221379924
24,16.5,True,15.5,False,1241,1192,238.32603161246777,0.00036759409036857184
24,17.5,True,16.5,True,1242,1241,-0.709801714560129,0.1763075073638195
24,17.5,True,16.5,False,1242,1193,239.65423144311436,0.0005432871125840757
24,18.5,True,17.5,True,1243,1242,-0.7134114092056052,0.1770291698439203
24,18.5,True,17.5,False,1243,1194,240.97515187813383,0.0007269316490198057
24,19.5,True,18.5,True,1244,1243,-0.7169627152592852,0.17530696329695053
24,19.5,True,18.5,False,1244,1195,242.28891131245416,0.0009183772973565753
24,20.5,True,19.5,True,1245,1244,-0.7204571900569903,0.17062753253145455
24,20.5,True,19.5,False,1245,1196,243.5956249659231,0.0011174790428101517
24,21.5,True,20.5,True,1246,1245,-0.723896333395416,0.16224816962695235
24,21.5,True,20.5,False,1246,1197,244.8954050012559,0.0013240969996493354
24,22.5,True,21.5,True,1247,1246,-0.7272815902372969,0.14898929690359386
24,22.5,True,21.5,False,1247,1198,246.1883606364084,0.001538096167929954
24,23.5,True,22.5,True,1248,1247,-0.730614353262169,0.12868017121392056
24,23.5,True,22.5,False,1248,1199,247.47459825169415,0.0017593462043898683
24,24.5,True,23.5,True,1249,1248,-0.7338959652736605,0.09603785328863688
24,24.5,True,23.5,False,1249,1200,248.75422149194355,0.001987721206536666
25,-24.5,False,-25.5,False,1251,1250,-2.2730511581600013,0.09429829331379683
25,-23.5,False,-24.5,False,1252,1251,-2.2640244074106874,-0.12663703955054947
25,-23.5,False,-24.5,True,1252,1301,-180.33045225040058,-0.00012380946117384657
25,-22.5,False,-23.5,False,1253,1252,-2.255263650570903,-0.14698413096665217
25,-22.5,False,-23.5,True,1253,1302,-182.10560674959694,-0.00021129648447810683
25,-21.5,False,-22.5,False,1254,1253,-2.24675607519913,-0.16049102511852845
25,-21.5,False,-22.5,True,1254,1303,-183.86349291658178,-0.0002941637498598658
25,-20.5,False,-21.5,False,1255,1254,-2.2384897165717987,-0.16926914399166262
25,-20.5,False,-21.5,True,1255,1304,-185.60460514956748,-0.00037351568491787463
25,-19.5,False,-20.5,False,1256,1255,-2.230453386905097,-0.17446297547444126
25,-19.5,False,-20.5,True,1256,1305,-187.32941469425919,-0.00044954206012016827
25,-18.5,False,-19.5,False,1257,1256,-2.222636611667923,-0.1767913049113586
25,-18.5,False,-19.5,True,1257,1306,-189.03837113404697,-0.0005222467887531881
25,-17.5,False,-18.5,False,1258,1257,-2.2150295721614697,-0.1767496549275717
25,-17.5,False,-18.5,True,1258,1307,-190.73190375909115,-0.0005915823693693008
25,-16.5,False,-17.5,False,1259,1258,-2.2076230536500105,-0.17470257957589944
25,-16.5,False,-17.5,True,1259,1308,-192.41042282611738,-0.0006574873536634086
25,-15.5,False,-16.5,False,1260,1259,-2.20040839841883,-0.17093154495679225
25,-15.5,False,-16.5,True,1260,1309,-194.07432071940104,-0.0007198991653303048
25,-14.5,False,-15.5,False,1261,1260,-2.1933774632157963,-0.1656621656267498
25,-14.5,False,-15.5,True,1261,1310,-195.72397302225042,-0.0007787589242608872
25,-13.5,False,-14.5,False,1262,1261,-2.186522580601519,-0.1590808128451722
25,-13.5,False,-14.5,True,1262,1311,-197.35973950728254,-0.0008340132461939582
25,-12.5,False,-13.5,False,1263,1262,-2.1798365237894473,-0.1513453105398922
25,-12.5,False,-13.5,True,1263,1312,-198.98196505288828,-0.0008856147788056829
25,-11.5,False,-12.5,False,1264,1263,-2.1733124746107535,-0.1425921359206745
25,-11.5,False,-12.5,True,1264,1313,-200.59098049250326,-0.0009335221791040517
25,-10.5,False,-11.5,False,1265,1264,-2.1669439942804587,-0.13294144963685592
25,-10.5,False,-11.5,True,1265,1314,-202.18710340260924,-0.0009776998405301113
25,-9.5,False,-10.5,False,1266,1265,-2.1607249966797184,-0.12250072272518173
25,-9.5,False,-10.5,True,1266,1315,-203.77063883478422,-0.0010181175136481202
25,-8.5,False,-9.5,False,1267,1266,-2.1546497239026223,-0.11136742549144016
25,-8.5,False,-9.5,True,1267,1316,-205.34187999658135,-0.0010547498904829517
25,-7.5,False,-8.5,False,1268,1267,-2.1487127238437154,-0.0996310715531933
25,-7.5,False,-8.5,True,1268,1317,-206.90110888554247,-0.0010875761873389792
25,-6.5,False,-7.5,False,1269,1268,-2.14290882962851,-0.08737480829135448
25,-6.5,False,-7.5,True,1269,1318,-208.44859688022947,-0.0011165797433079988
25,-5.5,False,-6.5,False,1270,1269,-2.137233140709796,-0.07467668229164012
25,-5.5,False,-6.5,True,1270,1319,-209.98460529178254,-0.001141747642532901
25,-4.5,False,-5.5,False,1271,1270,-2.1316810054733253,-0.0616106686775597
25,-4.5,False,-5.5,True,1271,1320,-211.50938587918046,-0.0011630703634440281
25,-3.5,False,-4.5,False,1272,1271,-2.1262480052121333,-0.04824752747797265
25,-3.5,False,-4.5,True,1272,1321,-213.0231813310807,-0.0011805414555828874
25,-2.5,False,-3.5,False,1273,1272,-2.1209299393439096,-0.034655533118883294
25,-2.5,False,-3.5,True,1273,1322,-214.52622571685154,-0.0011941572432413441
25,-1.5,False,-2.5,False,1274,1273,-2.1157228117592126,-0.020901111690488274
25,-1.5,False,-2.5,True,1274,1323,-216.01874490916944,-0.0012039165544289673
25,-0.5,False,-1.5,False,1275,1274,-2.1106228182000706,-0.0070494129413972905
25,-0.5,False,-1.5,True,1275,1324,-217.50095698034352,-0.0012098204733364606
25,0.5,False,-0.5,False,1276,1275,-2.105626334577238,0.006835161162699292
25,0.5,False,-0.5,True,1276,1325,-218.9730725743356,-0.0012118721143252696
25,1.5,False,0.5,False,1277,1276,-2.1007299061460287,0.02068845272056724
25,1.5,False,0.5,True,1277,1326,-220.43529525627363,-0.0012100764154434481
25,2.5,False,1.5,False,1278,1277,-2.0959302374661206,0.0344460522162197
25,2.5,False,1.5,True,1278,1327,-221.88782184110056,-0.0012044399494884226
25,3.5,False,2.5,False,1279,1278,-2.0912241830796034,0.04804279465062995
25,3.5,False,2.5,True,1279,1328,-223.3308427028611,-0.0011949707506670455
25,4.5,False,3.5,False,1280,1279,-2.086608738847019,0.06141223067756587
25,4.5,False,3.5,True,1280,1329,-224.7645420660025,-0.0011816781549178923
25,5.5,False,4.5,False,1281,1280,-2.0820810338876754,0.0744860541360216
25,5.5,False,4.5,True,1281,1330,-226.18909827995196,-0.0011645726519286352
25,6.5,False,5.5,False,1282,1281,-2.0776383230745097,0.08719346412248113
25,6.5,False,5.5,True,1282,1331,-227.6046840781289,-0.0011436657467762043
25,7.5,False,6.5,False,1283,1282,-2.073277980039194,0.09946043462260708
25,7.5,False,6.5,True,1283,1332,-229.0114668224574,-0.0011189698288929391
25,8.5,False,7.5,False,1284,1283,-2.0689974906471207,0.11120885701124754
25,8.5,False,7.5,True,1284,1333,-230.4096087343585,-0.001090498045656205
25,9.5,False,8.5,False,1285,1284,-2.06479444690531,0.12235550927542987
25,9.5,False,8.5,True,1285,1334,-231.79926711312572,-0.001058264177202221
25,10.5,False,9.5,False,1286,1285,-2.0606665412692564,0.13281078874001473
25,10.5,False,9.5,True,1286,1335,-233.18059454251505,-0.0010222825078948625
25,11.5,False,10.5,False,1287,1286,-2.0566115613193574,0.14247711928609785
25,11.5,False,10.5,True,1287,1336,-234.55373908631847,-0.0009825676879205764
25,12.5,False,11.5,False,1288,1287,-2.0526273847775087,0.15124690432720367
25,12.5,False,11.5,True,1288,1337,-235.91884447363014,-0.0009391345751434765
25,13.5,False,12.5,False,1289,1288,-2.04871197483925,0.15899983407209906
25,13.5,False,12.5,True,1289,1338,-237.27605027446165,-0.0008919980415482917
25,14.5,False,13.5,False,1290,1289,-2.0448633757984283,0.1655992535141784
25,14.5,False,13.5,True,1290,1339,-238.62549206631414,-0.0008411727181725586
25,15.5,False,14.5,False,1291,1290,-2.0410797089419077,0.170887125492612
25,15.5,False,14.5,True,1291,1340,-239.96730159226925,-0.0007866726329704204
25,16.5,False,15.5,False,1292,1291,-2.037359168695872,0.1746768207638603
25,16.5,False,15.5,True,1292,1341,-241.3016069111218,-0.0007285106580088446
25,17.5,False,16.5,False,1293,1292,-2.0337000190050105,0.1767424088275108
25,17.5,False,16.5,True,1293,1342,-242.62853254003744,-0.0006666976037882795
25,18.5,False,17.5,False,1294,1293,-2.030100589928992,0.1768020301824338
25,18.5,False,17.5,True,1294,1343,-243.94819959018625,-0.0006012406247840957
25,19.5,False,18.5,False,1295,1294,-2.026559274439279,0.1744906296242554
25,19.5,False,18.5,True,1295,1344,-245.26072589576933,-0.0005321401838423856
25,20.5,False,19.5,False,1296,1295,-2.023074525404894,0.16931202529652337
25,20.5,False,19.5,True,1296,1345,-246.56622613682828,-0.0004593837166111222
25,21.5,False,20.5,False,1297,1296,-2.019644852752009,0.160546523041952
25,21.5,False,20.5,True,1297,1346,-247.86481195619996,-0.000382930779667061
25,22.5,False,21.5,False,1298,1297,-2.016268820786621,0.14704828758051722
25,22.5,False,21.5,True,1298,1347,-249.15659207095337,-0.0003026722490647467
25,23.5,False,22.5,False,1299,1298,-2.012945045669312,0.1267036359937056
25,23.5,False,22.5,True,1299,1348,-250.44167237862405,-0.00021828794459265958
25,24.5,False,23.5,False,1300,1299,-2.0096721930320314,0.09435623302393727
25,24.5,False,23.5,True,1300,1349,-251.7201560585402,-0.0001284828650236829
25,-24.5,True,-25.5,False,1301,1250,175.7933766848299,-0.0027921816286790653
25,-23.5,True,-24.5,True,1302,1301,-0.4801091513745348,-0.09437272673390781
25,-23.5,True,-24.5,False,1302,1251,177.58631869161536,0.0024072313019547513
25,-22.5,True,-23.5,True,1303,1302,-0.48886990821429777,-0.12672147693781813
25,-22.5,True,-23.5,False,1303,1252,179.36147319081175,0.0020471786616950245
25,-21.5,True,-22.5,True,1304,1303,-0.49737748358609224,-0.1470642909673123
25,-21.5,True,-22.5,False,1304,1253,181.11935935779655,0.001710914179684244
25,-20.5,True,-21.5,True,1305,1304,-0.5056438422134164,-0.16055917259695981
25,-20.5,True,-21.5,False,1305,1254,182.86047159078228,0.0013974045201456794
25,-19.5,True,-20.5,True,1306,1305,-0.5136801718801252,-0.16932059513514428
25,-19.5,True,-20.5,False,1306,1255,184.58528113547396,0.001105685870074119
25,-18.5,True,-19.5,True,1307,1306,-0.5214969471172992,-0.17449485936270562
25,-18.5,True,-19.5,False,1307,1256,186.29423757526175,0.0008348579692261712
25,-17.5,True,-18.5,True,1308,1307,-0.5291039866237526,-0.17680196049206537
25,-17.5,True,-18.5,False,1308,1257,187.98777020030593,0.0005840787548685259
25,-16.5,True,-17.5,True,1309,1308,-0.5365105051351833,-0.17673828338318992
25,-16.5,True,-17.5,False,1309,1258,189.66628926733222,0.0003525595480245009
25,-15.5,True,-16.5,True,1310,1309,-0.5437251603664208,-0.17466902162399225
25,-15.5,True,-16.5,False,1310,1259,191.3301871606158,0.00013956071781816984
25,-14.5,True,-15.5,True,1311,1310,-0.5507560955693975,-0.17087612759556073
25,-14.5,True,-15.5,False,1311,1260,192.97983946346523,-5.56122310850038e-05
25,-13.5,True,-14.5,True,1312,1311,-0.5576109781837033,-0.1655855911255615
25,-13.5,True,-14.5,False,1312,1261,194.61560594849732,-0.00023361219579426788
25,-12.5,True,-13.5,True,1313,1312,-0.564297034995775,-0.15898407521109287
25,-12.5,True,-13.5,False,1313,1262,196.23783149410306,-0.0003950536789925263
25,-11.5,True,-12.5,True,1314,1313,-0.5708210841744688,-0.15122963079426419
25,-11.5,True,-12.5,False,1314,1263,197.84684693371804,-0.0005405156956932236
25,-10.5,True,-11.5,True,1315,1314,-0.5771895645047636,-0.14245891078114523
25,-10.5,True,-11.5,False,1315,1264,199.44296984382402,-0.0006705444149157246
25,-9.5,True,-10.5,True,1316,1315,-0.5834085621054754,-0.13279221006426387
25,-9.5,True,-10.5,False,1316,1265,201.026505275999,-0.0007856555643457936
25,-8.5,True,-9.5,True,1317,1316,-0.5894838348825999,-0.12233709991996149
25,-8.5,True,-9.5,False,1317,1266,202.59774643779613,-0.0008863366226765742
25,-7.5,True,-8.5,True,1318,1317,-0.5954208349415069,-0.11119112263499153
25,-7.5,True,-8.5,False,1318,1267,204.15697532675725,-0.0009730488214166168
25,-6.5,True,-7.5,True,1319,1318,-0.6012247291567121,-0.09944384005606566
25,-6.5,True,-7.5,False,1319,1268,205.70446332144425,-0.0010462289754102029
25,-5.5,True,-6.5,True,1320,1319,-0.6069004180754263,-0.08717842762620556
25,-5.5,True,-6.5,False,1320,1269,207.24047173299732,-0.0011062911591151494
25,-4.5,True,-5.5,True,1321,1320,-0.612452553311897,-0.07447294270913303
25,-4.5,True,-5.5,False,1321,1270,208.76525232039523,-0.0011536282437573113
25,-3.5,True,-4.5,True,1322,1321,-0.6178855535730605,-0.06140135626039648
25,-3.5,True,-4.5,False,1322,1271,210.27904777229548,-0.0011886133087997035
25,-2.5,True,-3.5,True,1323,1322,-0.6232036194413126,-0.048034411102468665
25,-2.5,True,-3.5,False,1323,1272,211.78209215806632,-0.001211600939690887
25,-1.5,True,-2.5,True,1324,1323,-0.6284107470260096,-0.03444035297787944
25,-1.5,True,-2.5,False,1324,1273,213.27461135038422,-0.0012229284225639312
25,-0.5,True,-1.5,True,1325,1324,-0.6335107405851517,-0.020685569094532123
25,-0.5,True,-1.5,False,1325,1274,214.7568234215583,-0.001222916845419324
25,0.5,True,-0.5,True,1326,1325,-0.6385072242079843,-0.006835161162698423
25,0.5,True,-0.5,False,1326,1275,216.22893901555037,-0.0012118721143252603
25,1.5,True,0.5,True,1327,1326,-0.6434036526391935,0.00704652520311868
25,1.5,True,0.5,False,1327,1276,217.6911616974884,-0.0011900858922805305
25,2.5,True,1.5,True,1328,1327,-0.6482033213190732,0.02089539609521266
25,2.5,True,1.5,False,1328,1277,219.14368828231537,-0.0011578364676068198
25,3.5,True,2.5,True,1329,1328,-0.6529093757056188,0.034647113115957896
25,3.5,True,2.5,False,1329,1278,220.58670914407588,-0.0011153895580412155
25,4.5,True,3.5,True,1330,1329,-0.6575248199382031,0.04823658913139029
25,4.5,True,3.5,False,1330,1279,222.02040850721727,-0.0010629990560872176
25,5.5,True,4.5,True,1331,1330,-0.6620525248975468,0.06159745915999978
25,5.5,True,4.5,False,1331,1280,223.44496472116674,-0.0010009077206340365
25,6.5,True,5.5,True,1332,1331,-0.6664952357107126,0.07466150778603402
25,6.5,True,5.5,False,1332,1281,224.8605505193437,-0.0009293478193695171
25,7.5,True,6.5,True,1333,1332,-0.6708555787460284,0.08735803124259868
25,7.5,True,6.5,False,1333,1282,226.26733326367219,-0.0008485417260768627
25,8.5,True,7.5,True,1334,1333,-0.6751360681380731,0.09961310719205604
25,8.5,True,7.5,False,1334,1283,227.6654751755733,-0.0007587024765187908
25,9.5,True,8.5,True,1335,1334,-0.6793391118799263,0.11134873752755753
25,9.5,True,8.5,False,1335,1284,229.0551335543405,-0.0006600342862667356
25,10.5,True,9.5,True,1336,1335,-0.6834670175159516,0.12248181807437337
25,10.5,True,9.5,False,1336,1285,230.43646098372986,-0.000552733033521688
25,11.5,True,10.5,True,1337,1336,-0.6875219974658506,0.1329228720069618
25,11.5,True,10.5,False,1337,1286,231.80960552753328,-0.0004369867096966305
25,12.5,True,11.5,True,1338,1337,-0.6915061740077277,0.14257445802554192
25,12.5,True,11.5,False,1338,1287,233.1747109148449,-0.0003129758402795303
25,13.5,True,12.5,True,1339,1338,-0.6954215839459437,0.15132912463656123
25,13.5,True,12.5,False,1339,1288,234.53191671567646,-0.00018087387827252674
25,14.5,True,13.5,True,1340,1339,-0.699270182986794,0.15906671918448695
25,14.5,True,13.5,False,1340,1289,235.88135850752892,-4.084757229923775e-05
25,15.5,True,14.5,True,1341,1340,-0.7030538498433145,0.16565075825568615
25,15.5,True,14.5,False,1341,1290,237.22316803348403,0.00010694268870744035
25,16.5,True,15.5,True,1342,1341,-0.7067743900893646,0.17092339408295606
25,16.5,True,15.5,False,1342,1291,238.55747335233656,0.0002623425524920743
25,17.5,True,16.5,True,1343,1342,-0.7104335397801975,0.1746982093491167
25,17.5,True,16.5,False,1343,1292,239.88439898125225,0.00042520340054003585
25,18.5,True,17.5,True,1344,1343,-0.7140329688562019,0.17674951491255728
25,18.5,True,17.5,False,1344,1293,241.20406603140106,0.000595382063752115
25,19.5,True,18.5,True,1345,1344,-0.7175742843459432,0.17679573252202227
25,19.5,True,18.5,False,1345,1294,242.5165923369841,0.0007727405553940581
25,20.5,True,19.5,True,1346,1345,-0.7210590333803282,0.1744721447856125
25,20.5,True,19.5,False,1346,1295,243.82209257804305,0.0009571458200813547
25,21.5,True,20.5,True,1347,1346,-0.7244887060332132,0.1692829926100713
25,21.5,True,20.5,False,1347,1296,245.12067839741474,0.0011484694976779536
25,22.5,True,21.5,True,1348,1347,-0.7278647379986154,0.16050914239278422
25,22.5,True,21.5,False,1348,1297,246.41245851216814,0.0013465877010619017
25,23.5,True,22.5,True,1349,1348,-0.7311885131158959,0.14700556878547624
25,23.5,True,22.5,False,1349,1298,247.69753881983885,0.00155138080680403
25,24.5,True,23.5,True,1350,1349,-0.7344613657532051,0.12665993439833897
25,24.5,True,23.5,False,1350,1299,248.97602249975495,0.0017627332578778047
25,25.5,True,24.5,True,1351,1350,-0.7376845830585381,0.09431883103433096
25,25.5,True,24.5,False,1351,1300,250.24801010972845,0.0019805333775878694
26,-25.5,False,-26.5,False,1353,1352,-2.280653582469448,0.09266649475456633
26,-24.5,False,-25.5,False,1354,1353,-2.27139873881098,-0.12470238818227447
26,-24.5,False,-25.5,True,1354,1405,-178.86303143041974,-0.00011838024799084935
26,-23.5,False,-24.5,False,1355,1354,-2.262421071476524,-0.14506060398800236
26,-23.5,False,-24.5,True,1355,1406,-180.65271768192204,-0.00020229682282297428
26,-22.5,False,-23.5,False,1356,1355,-2.2537070152430587,-0.15877192622628758
26,-22.5,False,-23.5,True,1356,1407,-182.4247122098564,-0.00028200304652203624
26,-21.5,False,-22.5,False,1357,1356,-2.2452439165332407,-0.16789366544162512
26,-21.5,False,-22.5,True,1357,1408,-184.1795295828475,-0.0003585424190454464
26,-20.5,False,-21.5,False,1358,1357,-2.237019956124307,-0.1735384626466038
26,-20.5,False,-21.5,True,1358,1409,-185.9176598967198,-0.0004320866576022247
26,-19.5,False,-20.5,False,1359,1358,-2.229024079718357,-0.17640348324796615
26,-19.5,False,-20.5,True,1359,1410,-187.63957037377727,-0.0005026311095715974
26,-18.5,False,-19.5,False,1360,1359,-2.2212459354463903,-0.1769681920022699
26,-18.5,False,-19.5,True,1360,1411,-189.34570683015681,-0.0005701229327885107
26,-17.5,False,-18.5,False,1361,1360,-2.2136758175013966,-0.17558444868142856
26,-17.5,False,-18.5,True,1361,1412,-191.03649502431938,-0.0006344967448825362
26,-16.5,False,-17.5,False,1362,1361,-2.206304615203777,-0.1725232109785448
26,-16.5,False,-17.5,True,1362,1413,-192.71234189823932,-0.0006956867638068979
26,-15.5,False,-16.5,False,1363,1362,-2.19912376689021,-0.1680010792242614
26,-15.5,False,-16.5,True,1363,1414,-194.37363672154808,-0.0007536313312810917
26,-14.5,False,-15.5,False,1364,1363,-2.192125218095086,-0.16219646873543223
26,-14.5,False,-15.5,True,1364,1415,-196.02075214774817,-0.000808274560447812
26,-13.5,False,-14.5,False,1365,1364,-2.1853013835610966,-0.15526001500520673
26,-13.5,False,-14.5,True,1365,1416,-197.65404519061914,-0.0008595667867607593
26,-12.5,False,-13.5,False,1366,1365,-2.1786451126702246,-0.1473215707701027
26,-12.5,False,-13.5,True,1366,1417,-199.27385812806523,-0.0009074644934819712
26,-11.5,False,-12.5,False,1367,1366,-2.172149657937638,-0.13849508744445985
26,-11.5,False,-12.5,True,1367,1418,-200.88051933988788,-0.0009519300050202083
26,-10.5,False,-11.5,False,1368,1367,-2.165808646253012,-0.1288821289778635
26,-10.5,False,-11.5,True,1368,1419,-202.4743440852933,-0.0009929310845023026
26,-9.5,False,-10.5,False,1369,1368,-2.159616052589982,-0.11857447134375967
26,-9.5,False,-10.5,True,1369,1420,-204.05563522535107,-0.001030440501654698
26,-8.5,False,-9.5,False,1370,1369,-2.153566175937627,-0.10765607312142143
26,-8.5,False,-9.5,True,1370,1421,-205.62468389509348,-0.0010644356035790679
26,-7.5,False,-8.5,False,1371,1370,-2.14765361723542,-0.09620460313781802
26,-7.5,False,-8.5,True,1371,1422,-207.18177012948132,-0.0010948979042781398
26,-6.5,False,-7.5,False,1372,1371,-2.1418732591171334,-0.08429264998509442
26,-6.5,False,-7.5,True,1372,1423,-208.72716344704867,-0.0011218127001519343
26,-5.5,False,-6.5,False,1373,1372,-2.1362202472913623,-0.07198869948303967
26,-5.5,False,-6.5,True,1373,1424,-210.26112339467193,-0.0011451687141267497
26,-4.5,False,-5.5,False,1374,1373,-2.130689973404614,-0.05935794096109885
26,-4.5,False,-5.5,True,1374,1425,-211.7839000565827,-0.0011649577686569956
26,-3.5,False,-4.5,False,1375,1374,-2.1252780592491263,-0.0464629464959324
26,-3.5,False,-4.5,True,1375,1426,-213.2957345304512,-0.0011811744865733158
26,-2.5,False,-3.5,False,1376,1375,-2.1199803421928323,-0.03336425593447936
26,-2.5,False,-3.5,True,1376,1427,-214.79685937310796,-0.0011938160181144068
26,-1.5,False,-2.5,False,1377,1376,-2.1147928617209715,-0.020120892817396346
26,-1.5,False,-2.5,True,1377,1428,-216.28749901823653,-0.0012028817921973412
26,-0.5,False,-1.5,False,1378,1377,-2.1097118469907485,-0.006790831049419591
26,-0.5,False,-1.5,True,1378,1429,-217.76787016816303,-0.0012083732898921663
26,0.5,False,-0.5,False,1379,1378,-2.1047337053098403,0.006568571377763644
26,0.5,False,-0.5,True,1379,1430,-219.23818216167842,-0.0012102938380817128
26,1.5,False,0.5,False,1380,1379,-2.0998550114588994,0.01990015756900883
26,1.5,False,0.5,True,1380,1431,-220.69863731966194,-0.001208648421354276
26,2.5,False,1.5,False,1381,1380,-2.0950724977861768,0.033146563035264594
26,2.5,False,1.5,True,1381,1432,-222.1494312701218,-0.001203443510260335
26,3.5,False,2.5,False,1382,1381,-2.0903830450087924,0.04624980075230898
26,3.5,False,2.5,True,1382,1433,-223.59075325413156,-0.0011946869041455901
26,4.5,False,3.5,False,1383,1382,-2.085783673661666,0.05915082718382084
26,4.5,False,3.5,True,1383,1434,-225.0227864140168,-0.0011823875868335124
26,5.5,False,4.5,False,1384,1383,-2.0812715361419123,0.07178907521822736
26,5.5,False,4.5,True,1384,1435,-226.44570806503515,-0.0011665555934550482
26,6.5,False,5.5,False,1385,1384,-2.076843909298873,0.08410193769872162
26,6.5,False,5.5,True,1385,1436,-227.8596899516907,-0.001147201886696558
26,7.5,False,6.5,False,1386,1385,-2.072498187527259,0.09602418167811126
26,7.5,False,6.5,True,1386,1437,-229.26489848973162,-0.0011243382406290745
26,8.5,False,7.5,False,1387,1386,-2.0682318763228693,0.10748726825323039
26,8.5,False,7.5,True,1387,1438,-230.66149499479653,-0.0010979771300609804
26,9.5,False,8.5,False,1388,1387,-2.064042586265174,0.11841854510725483
26,9.5,False,8.5,True,1388,1439,-232.04963589859938,-0.001068131622955052
26,10.5,False,9.5,False,1389,1388,-2.0599280273931413,0.1287402675667942
26,10.5,False,9.5,True,1389,1440,-233.42947295347247,-0.001034815272771457
26,11.5,False,10.5,False,1390,1389,-2.05588600394492,0.13836838722054254
26,11.5,False,10.5,True,1390,1441,-234.80115342602528,-0.0009980420064672378
26,12.5,False,11.5,False,1391,1390,-2.051914409433863,0.14721102192037555
26,12.5,False,11.5,True,1391,1442,-236.16482028061887,-0.000957826001987059
26,13.5,False,12.5,False,1392,1391,-2.0480112220345745,0.15516648219353787
26,13.5,False,12.5,True,1392,1443,-237.52061235330208,-0.0009141815458704182
26,14.5,False,13.5,False,1393,1392,-2.0441745002583502,0.16212066787363094
26,14.5,False,13.5,True,1393,1444,-238.8686645168098,-0.0008671228560149863
26,15.5,False,14.5,False,1394,1393,-2.040402378894697,0.16794354915211004
26,15.5,False,14.5,True,1394,1445,-240.2091078371776,-0.0008166638446176133
26,16.5,False,15.5,False,1395,1394,-2.0366930652010353,0.17248427832544957
26,16.5,False,15.5,True,1395,1446,-241.54206972248815,-0.0007628177776253728
26,17.5,False,16.5,False,1396,1395,-2.0330448353221584,0.17556418335787582
26,17.5,False,16.5,True,1396,1447,-242.86767406422612,-0.0007055967505005691
26,18.5,False,17.5,False,1397,1396,-2.029456030924308,0.1769663493928527
26,18.5,False,17.5,True,1397,1448,-244.1860413716874,-0.0006450108246187377
26,19.5,False,18.5,False,1398,1397,-2.0259250560269777,0.17641942675139466
26,19.5,False,18.5,True,1398,1449,-245.49728889985346,-0.0005810665018646108
26,20.5,False,19.5,False,1399,1398,-2.0224503740210196,0.17357105563458092
26,20.5,False,19.5,True,1399,1450,-246.80153077111623,-0.0005137638151195411
26,21.5,False,20.5,False,1400,1399,-2.019030504858705,0.16794111232669198
26,21.5,False,20.5,True,1400,1451,-248.09887809121074,-0.0004430902500497191
26,22.5,False,21.5,False,1401,1400,-2.0156640224045645,0.1588315208327895
26,22.5,False,21.5,True,1401,1452,-249.38943905968878,-0.0003690064899964472
26,23.5,False,22.5,False,1402,1401,-2.0123495519365235,0.1451282860644585
26,23.5,False,22.5,True,1402,1453,-250.67331907524465,-0.0002914072461086178
26,24.5,False,23.5,False,1403,1402,-2.009085767787326,0.12477181667553255
26,24.5,False,23.5,True,1403,1454,-251.9506208361833,-0.0002099845634927529
26,25.5,False,24.5,False,1404,1403,-2.005871391116216,0.09272638374967002
26,25.5,False,24.5,True,1404,1455,-253.2214444363016,-0.0001234945028391768
26,-25.5,True,-26.5,False,1405,1352,174.3109791091393,-0.002821714410778122
26,-24.5,True,-25.5,True,1406,1405,-0.47273481997422095,-0.0927441762658469
26,-24.5,True,-25.5,False,1406,1353,176.11889787163454,0.002444845178104402
26,-23.5,True,-24.5,True,1407,1406,-0.4817124873086982,-0.12479129524508067
26,-23.5,True,-24.5,False,1407,1354,177.90858412313682,0.002091933361164795
26,-22.5,True,-23.5,True,1408,1407,-0.4904265435421564,-0.14514605385685142
26,-22.5,True,-23.5,False,1408,1355,179.6805786510712,0.0017618886236631724
26,-21.5,True,-22.5,True,1409,1408,-0.4988896422519815,-0.15884593332264854
26,-21.5,True,-22.5,False,1409,1356,181.43539602406227,0.0014536967833994876
26,-20.5,True,-21.5,True,1410,1409,-0.507113602660894,-0.1679513522763468
26,-20.5,True,-21.5,False,1410,1357,183.17352633793462,0.0011664130388026502
26,-19.5,True,-20.5,True,1411,1410,-0.5151094790668651,-0.17357679310521726
26,-19.5,True,-20.5,False,1411,1358,184.89543681499205,0.0008991559170358186
26,-18.5,True,-19.5,True,1412,1411,-0.522887623338832,-0.17642064799653093
26,-18.5,True,-19.5,False,1412,1359,186.6015732713716,0.0006511018547992372
26,-17.5,True,-18.5,True,1413,1412,-0.5304577412838256,-0.17696325533696233
26,-17.5,True,-18.5,False,1413,1360,188.29236146553416,0.0004214803353022338
26,-16.5,True,-17.5,True,1414,1413,-0.5378289435814452,-0.17555712296865417
26,-16.5,True,-17.5,False,1414,1361,189.9682083394541,0.00020956951534738578
26,-15.5,True,-16.5,True,1415,1414,-0.5450097918950121,-0.1724737018591092
26,-15.5,True,-16.5,False,1415,1362,191.62950316276286,1.4692285325265197e-05
26,-14.5,True,-15.5,True,1416,1415,-0.552008340690108,-0.1679299737749235
26,-14.5,True,-15.5,False,1416,1363,193.27661858896295,-0.0001637872875308216
26,-13.5,True,-14.5,True,1417,1416,-0.5588321752241256,-0.16210465151569817
26,-13.5,True,-14.5,False,1417,1364,194.90991163183392,-0.00032646717583759437
26,-12.5,True,-13.5,True,1418,1417,-0.5654884461149976,-0.15514860316051207
26,-12.5,True,-13.5,False,1418,1365,196.52972456928,-0.0004739103064040958
26,-11.5,True,-12.5,True,1419,1418,-0.5719839008475844,-0.14719186269441592
26,-11.5,True,-12.5,False,1419,1366,198.13638578110266,-0.0006066472051906699
26,-10.5,True,-11.5,True,1420,1419,-0.5783249125322101,-0.13834852140725365
26,-10.5,True,-11.5,False,1420,1367,199.73021052650807,-0.0007251784017819031
26,-9.5,True,-10.5,True,1421,1420,-0.5845175061952403,-0.12872024926715933
26,-9.5,True,-10.5,False,1421,1368,201.31150166656585,-0.0008299766187629831
26,-8.5,True,-9.5,True,1422,1421,-0.590567382847567,-0.11839890020051431
26,-8.5,True,-9.5,False,1422,1369,202.88055033630826,-0.000921488768347912
26,-7.5,True,-8.5,True,1423,1422,-0.5964799415498021,-0.10746848721484928
26,-7.5,True,-8.5,False,1423,1370,204.4376365706961,-0.001000137775980353
26,-6.5,True,-7.5,True,1424,1423,-0.6022602996680888,-0.09600671365245132
26,-6.5,True,-7.5,False,1424,1371,205.98302988826345,-0.0010663242483363565
26,-5.5,True,-6.5,True,1425,1424,-0.60791331149386,-0.08408618561402359
26,-5.5,True,-6.5,False,1425,1372,207.5169898358867,-0.0011204280011708843
26,-4.5,True,-5.5,True,1426,1425,-0.6134435853806082,-0.07177539178124416
26,-4.5,True,-5.5,False,1426,1373,209.03976649779747,-0.0011628094607079448
26,-3.5,True,-4.5,True,1427,1426,-0.6188554995360676,-0.05913951162881598
26,-3.5,True,-4.5,False,1427,1374,210.551600971666,-0.0011938109507581708
26,-2.5,True,-3.5,True,1428,1427,-0.62415321659239,-0.04624109624790422
26,-2.5,True,-3.5,False,1428,1375,212.05272581432274,-0.0012137578764111528
26,-1.5,True,-2.5,True,1429,1428,-0.6293406970642508,-0.033140654675377926
26,-1.5,True,-2.5,False,1429,1376,213.5433654594513,-0.0012229598139843318
26,-0.5,True,-1.5,True,1430,1429,-0.6344217117944737,-0.019897170892621007
26,-0.5,True,-1.5,False,1430,1377,215.0237366093778,-0.0012217115158781938
26,0.5,True,-0.5,True,1431,1430,-0.639399853475382,-0.0065685713777642
26,0.5,True,-0.5,False,1431,1378,216.4940486028932,-0.0012102938380817265
26,1.5,True,0.5,True,1432,1431,-0.6442785473263228,0.0067878404545824765
26,1.5,True,0.5,False,1432,1379,217.95450376087672,-0.001188974597271482
26,2.5,True,1.5,True,1433,1432,-0.6490610609990171,0.020114968863378983
26,2.5,True,1.5,False,1433,1380,219.40529771133657,-0.0011580093637383864
26,3.5,True,2.5,True,1434,1433,-0.6537505137764299,0.033355516644657704
26,3.5,True,2.5,False,1434,1381,220.84661969534633,-0.0011176421957487272
26,4.5,True,3.5,True,1435,1434,-0.6583498851235561,0.046451569860286965
26,4.5,True,3.5,False,1435,1382,222.27865285523157,-0.0010681063203893386
26,5.5,True,4.5,True,1436,1435,-0.66286202264331,0.0593441636399821
26,5.5,True,4.5,False,1436,1383,223.70157450624993,-0.001009624765451093
26,6.5,True,5.5,True,1437,1436,-0.6672896494863494,0.07197281500277988
26,6.5,True,5.5,False,1437,1384,225.1155563929055,-0.0009424109464629248
26,7.5,True,6.5,True,1438,1437,-0.6716353712579632,0.08427500637814118
26,7.5,True,6.5,False,1438,1385,226.5207649309464,-0.000866669212597858
26,8.5,True,7.5,True,1439,1438,-0.6759016824623245,0.09618559996348375
26,8.5,True,7.5,False,1439,1386,227.91736143601133,-0.000782595354817475
26,9.5,True,8.5,True,1440,1439,-0.6800909725200484,0.10763615778318038
26,9.5,True,8.5,False,1440,1387,229.30550233981415,-0.0006903770793108997
26,10.5,True,9.5,True,1441,1440,-0.6842055313920952,0.11855413459411858
26,10.5,True,9.5,False,1441,1388,230.68533939468722,-0.0005901944490000969
26,11.5,True,10.5,True,1442,1441,-0.6882475548402738,0.128861899470008
26,11.5,True,10.5,False,1442,1389,232.05701986724011,-0.00048222029563189185
26,12.5,True,11.5,True,1443,1442,-0.6922191493513736,0.13847552514833436
26,12.5,True,11.5,False,1443,1390,233.42068672183365,-0.00036662060475107556
26,13.5,True,12.5,True,1444,1443,-0.6961223367506477,0.14730325901493121
26,13.5,True,12.5,False,1444,1391,234.77647879451686,-0.0002435548756433617
26,14.5,True,13.5,True,1445,1444,-0.6999590585268578,0.15524355083406952
26,14.5,True,13.5,False,1445,1392,236.1245309580246,-0.00011317645815526781
26,15.5,True,14.5,True,1446,1445,-0.7037311798905108,0.1621824511497208
26,15.5,True,14.5,False,1446,1393,237.46497427839242,2.4367131869447303e-05
26,16.5,True,15.5,True,1447,1446,-0.7074404935841869,0.16799009473914434
26,16.5,True,15.5,False,1447,1394,238.79793616370293,0.00016893391694439513
26,17.5,True,16.5,True,1448,1447,-0.7110887234630496,0.1725158156749574
26,17.5,True,16.5,False,1448,1395,240.12354050544093,0.00032038718063308433
26,18.5,True,17.5,True,1449,1448,-0.7146775278608999,0.17558114557160942
26,18.5,True,17.5,False,1449,1396,241.44190781290217,0.0004785952072405077
26,19.5,True,18.5,True,1450,1449,-0.7182085027582445,0.1769694019224271
26,19.5,True,18.5,False,1450,1397,242.75315534106824,0.0006434310372875317
26,20.5,True,19.5,True,1451,1450,-0.7216831847642027,0.17640950644719322
26,20.5,True,19.5,False,1451,1398,244.057397212331,0.0008147722376394791
26,21.5,True,20.5,True,1452,1451,-0.7251030539265173,0.17354942630660092
26,21.5,True,20.5,False,1452,1399,245.3547445324255,0.0009925006852609774
26,22.5,True,21.5,True,1453,1452,-0.7284695363806577,0.16790944845932174
26,22.5,True,21.5,False,1453,1400,246.64530550090356,0.0011765023636482344
26,23.5,True,22.5,True,1454,1453,-0.7317840068486845,0.15879204379223502
26,23.5,True,22.5,False,1454,1401,247.92918551645943,0.0013666671710654828
26,24.5,True,23.5,True,1455,1454,-0.7350477909979105,0.145084011373612
26,24.5,True,23.5,False,1455,1402,249.20648727739805,0.0015628887397798284
26,25.5,True,24.5,True,1456,1455,-0.7382621676690064,0.1247270868150791
26,25.5,True,24.5,False,1456,1403,250.47731087751637,0.0017650642655561407
26,26.5,True,25.5,True,1457,1456,-0.741428370981339,0.09268844707412541
26,26.5,True,25.5,False,1457,1404,251.74175389765125,0.0019730943467255128
27,-26.5,False,-27.5,False,1459,1458,-2.288384718640522,0.09111596648541948
27,-25.5,False,-26.5,False,1460,1459,-2.278894072930413,-0.12284944607061368
27,-25.5,False,-26.5,True,1460,1513,-177.39598903688133,-0.00011327587831922067
27,-24.5,False,-25.5,False,1461,1460,-2.269692351845954,-0.14319783161144287
27,-24.5,False,-25.5,True,1461,1514,-179.2004419028725,-0.00019382534311852655
27,-23.5,False,-24.5,False,1462,1461,-2.260765186681269,-0.1570792035207188
27,-23.5,False,-24.5,True,1462,1515,-180.98676588261452,-0.0002705400947696155
27,-22.5,False,-23.5,False,1463,1462,-2.252099189675981,-0.16650059305728337
27,-22.5,False,-23.5,True,1463,1516,-182.75549670018654,-0.0003444058887049871
27,-21.5,False,-22.5,False,1464,1463,-2.243681869556383,-0.1725451913348049
27,-21.5,False,-22.5,True,1464,1517,-184.5071442006337,-0.0004155770309699717
27,-20.5,False,-21.5,False,1465,1464,-2.2355015557973488,-0.175890263939731
27,-20.5,False,-21.5,True,1465,1518,-186.2421940672022,-0.0004840404342325899
27,-19.5,False,-20.5,False,1466,1465,-2.2275473305613787,-0.17700056312654708
27,-19.5,False,-20.5,True,1466,1519,-187.96110939477572,-0.0005497379091656426
27,-18.5,False,-19.5,False,1467,1466,-2.2198089674112254,-0.17621637114396108
27,-18.5,False,-19.5,True,1467,1520,-189.66433213396311,-0.0006126000981837525
27,-17.5,False,-18.5,False,1468,1467,-2.21227687601332,-0.17379910580955887
27,-17.5,False,-18.5,True,1468,1521,-191.35228441860244,-0.0006725579720557319
27,-16.5,False,-17.5,False,1469,1468,-2.2049420521527594,-0.1699572221194492
27,-16.5,False,-17.5,True,1469,1522,-193.02536978798327,-0.0007295470649580619
27,-15.5,False,-16.5,False,1470,1469,-2.1977960324663854,-0.16486198035416466
27,-15.5,False,-16.5,True,1470,1523,-194.6839743138172,-0.000783508974276334
27,-14.5,False,-15.5,False,1471,1470,-2.1908308533768945,-0.15865758248604175
27,-14.5,False,-15.5,True,1471,1524,-196.32846764087526,-0.0008343917270797458
27,-13.5,False,-14.5,False,1472,1471,-2.184039013775106,-0.1514679819011965
27,-13.5,False,-14.5,True,1472,1525,-197.95920394924207,-0.0008821496530960002
27,-12.5,False,-13.5,False,1473,1472,-2.1774134410519395,-0.14340162873572157
27,-12.5,False,-13.5,True,1473,1526,-199.57652284528388,-0.0009267430430741571
27,-11.5,False,-12.5,False,1474,1473,-2.170947460131046,-0.13455488104238447
27,-11.5,False,-12.5,True,1474,1527,-201.18075018768167,-0.0009681377218138058
27,-10.5,False,-11.5,False,1475,1474,-2.1646347651939095,-0.12501452393829124
27,-10.5,False,-11.5,True,1475,1528,-202.7721988542214,-0.0010063045981358297
27,-9.5,False,-10.5,False,1476,1475,-2.1584693938242765,-0.11485967504034562
27,-9.5,False,-10.5,True,1476,1529,-204.35116945445435,-0.0010412192222000207
27,-8.5,False,-9.5,False,1477,1476,-2.1524457033317788,-0.10416325733155718
27,-8.5,False,-9.5,True,1477,1530,-205.9179509928252,-0.0010728613647141537
27,-7.5,False,-8.5,False,1478,1477,-2.146558349040532,-0.09299316088383752
27,-7.5,False,-8.5,True,1478,1531,-207.4728214864123,-0.0011012146244122358
27,-6.5,False,-7.5,False,1479,1478,-2.1408022643531694,-0.08141317701300668
27,-6.5,False,-7.5,True,1479,1532,-209.01604854102078,-0.0011262660659058202
27,-5.5,False,-6.5,False,1480,1479,-2.135172642420656,-0.06948376380768023
27,-5.5,False,-6.5,True,1480,1533,-210.54788988900938,-0.0011480058877635
27,-4.5,False,-5.5,False,1481,1480,-2.129664919268052,-0.05726268557547829
27,-4.5,False,-5.5,True,1481,1534,-212.06859389191288,-0.0011664271195188662
27,-3.5,False,-4.5,False,1482,1481,-2.1242747582408157,-0.04480555763008513
27,-3.5,False,-4.5,True,1482,1535,-213.57840001063653,-0.0011815253457487234
27,-2.5,False,-3.5,False,1483,1482,-2.118998035651373,-0.03216632019670657
27,-2.5,False,-3.5,True,1483,1536,-215.0775392457435,-0.0011932984551366484
27,-1.5,False,-2.5,False,1484,1483,-2.1138308275183135,-0.019397659915486528
27,-1.5,False,-2.5,True,1484,1537,-216.56623455012797,-0.0012017464123910565
27,-0.5,False,-1.5,False,1485,1484,-2.1087693973009465,-0.006551393757782044
27,-0.5,False,-1.5,True,1485,1538,-218.04470121616203,-0.0012068710509380836
27,0.5,False,-0.5,False,1486,1485,-2.1038101845421266,0.006321172318680834
27,0.5,False,-0.5,True,1486,1539,-219.51314723921985,-0.0012086758844093908
27,1.5,False,0.5,False,1487,1486,-2.098949794340996,0.019168899254033527
27,1.5,False,0.5,True,1487,1540,-220.97177365931776,-0.0012071659350616686
27,2.5,False,1.5,False,1488,1487,-2.0941849875851375,0.03194047548610412
27,2.5,False,1.5,True,1488,1541,-222.42077488245866,-0.0012023475773840948
27,3.5,False,2.5,False,1489,1488,-2.0895126718776424,0.04458407273010803
27,3.5,False,2.5,True,1489,1542,-223.86033898313627,-0.0011942283952570078
27,4.5,False,3.5,False,1490,1489,-2.0849298931018154,0.05704698711084897
27,4.5,False,3.5,True,1490,1543,-225.2906479893305,-0.0011828170511106058
27,5.5,False,4.5,False,1491,1490,-2.080433827571568,0.06927525491831227
27,5.5,False,4.5,True,1491,1544,-226.71187815121866,-0.0011681231655917646
27,6.5,False,5.5,False,1492,1491,-2.076021774719109,0.08121323064892078
27,6.5,False,5.5,True,1492,1545,-228.1242001947241,-0.0011501572062639482
27,7.5,False,6.5,False,1493,1492,-2.0716911502778714,0.0928031125006662
27,7.5,False,6.5,True,1493,1546,-229.52777956093587,-0.0011289303838283382
27,8.5,False,7.5,False,1494,1493,-2.067439479920992,0.10398439681921634
27,8.5,False,7.5,True,1494,1547,-230.9227766323495,-0.001104454554243292
27,9.5,False,8.5,False,1495,1494,-2.06326439332031,0.11469323768572112
27,9.5,False,8.5,True,1495,1548,-232.30934694680562,-0.0010767421248903614
27,10.5,False,9.5,False,1496,1495,-2.059163618592436,0.12486168017989635
27,10.5,False,9.5,True,1496,1549,-233.68764139993314,-0.0010458059625438494
27,11.5,False,10.5,False,1497,1496,-2.055134977103961,0.13441672471668795
27,11.5,False,10.5,True,1497,1550,-235.05780643684432,-0.001011659300231904
27,12.5,False,11.5,False,1498,1497,-2.051176378607181,0.14327916343500174
27,12.5,False,11.5,True,1498,1551,-236.41998423377024,-0.0009743156389838894
27,13.5,False,12.5,False,1499,1498,-2.0472858166825745,0.15136210495170532
27,13.5,False,12.5,True,1499,1552,-237.7743128702748,-0.0009337886386242754
27,14.5,False,13.5,False,1500,1499,-2.04346136446523,0.15856906589788858
27,14.5,False,13.5,True,1500,1553,-239.12092649263735,-0.0008900919886796713
27,15.5,False,14.5,False,1501,1500,-2.0397011706349133,0.16479144786620317
27,15.5,False,14.5,True,1501,1554,-240.45995546895227,-0.0008432392450883669
27,16.5,False,15.5,False,1502,1501,-2.0360034556498476,0.16990512112270298
27,16.5,False,15.5,True,1502,1555,-241.79152653645184,-0.0007932436087634777
27,17.5,False,16.5,False,1503,1502,-2.0323665082079003,0.17376567241028354
27,17.5,False,16.5,True,1503,1556,-243.1157629415244,-0.0007401176040850845
27,18.5,False,17.5,False,1504,1503,-2.028788681918627,0.17620158579305
27,18.5,False,17.5,True,1504,1557,-244.43278457286567,-0.0006838725802701986
27,19.5,False,18.5,False,1505,1504,-2.025268392171313,0.177004092847851
27,19.5,False,18.5,True,1505,1558,-245.7427080881704,-0.0006245178860002953
27,20.5,False,19.5,False,1506,1505,-2.021804113186306,0.17591138472988763
27,20.5,False,19.5,True,1506,1559,-247.0456470347428,-0.0005620594073411625
27,21.5,False,20.5,False,1507,1506,-2.018394375235829,0.17258267966533988
27,21.5,False,20.5,True,1507,1560,-248.34171196437973,-0.0004964967745612843
27,22.5,False,21.5,False,1508,1507,-2.0150377620241784,0.16655256587707654
27,22.5,False,21.5,True,1508,1561,-249.6310105428545,-0.00042781752210942664
27,23.5,False,22.5,False,1509,1508,-2.01173290821572,0.15714286428896967
27,23.5,False,22.5,True,1509,1562,-250.91364765430916,-0.0003559833867129824
27,24.5,False,23.5,False,1510,1509,-2.0084784971016063,0.14326902146777742
27,24.5,False,23.5,True,1510,1563,-252.1897255008413,-0.0002808926510598697
27,25.5,False,24.5,False,1511,1510,-2.0052732583950785,0.12292170317916762
27,25.5,False,24.5,True,1511,1564,-253.45934369755275,-0.00020224872226174955
27,26.5,False,25.5,False,1512,1511,-2.002115966148466,0.09117781300034453
27,26.5,False,25.5,True,1512,1565,-254.72259936331108,-0.00011885506860562032
27,-26.5,True,-27.5,False,1513,1458,172.8287102453104,-0.00285130827991914
27,-25.5,True,-26.5,True,1514,1513,-0.465239485854795,-0.09119694957764757
27,-25.5,True,-26.5,False,1514,1459,174.65185547809614,0.0024817796748463
27,-24.5,True,-25.5,True,1515,1514,-0.47444120693926095,-0.1229428821477748
27,-24.5,True,-25.5,False,1515,1460,176.4563083440873,0.0021353816308495597
27,-23.5,True,-24.5,True,1516,1515,-0.48336837210395345,-0.1432886299846073
27,-23.5,True,-24.5,False,1516,1461,178.2426323238293,0.0018110390088664542
27,-22.5,True,-23.5,True,1517,1516,-0.49203436910923415,-0.15715912798641615
27,-22.5,True,-23.5,False,1517,1462,180.01136314140132,0.0015077530526281073
27,-21.5,True,-22.5,True,1518,1517,-0.5004516892288393,-0.16656457538740105
27,-21.5,True,-22.5,False,1518,1463,181.76301064184847,0.0012245944849901963
27,-20.5,True,-21.5,True,1519,1518,-0.5086320029878522,-0.17259003498573627
27,-20.5,True,-21.5,False,1519,1464,183.49806050841698,0.0009606973511923448
27,-19.5,True,-20.5,True,1520,1519,-0.5165862282238436,-0.17591401719007668
27,-19.5,True,-20.5,False,1520,1465,185.2169758359905,0.0007152535156433469
27,-18.5,True,-19.5,True,1521,1520,-0.5243245913739969,-0.17700215996685872
27,-18.5,True,-19.5,False,1521,1466,186.9201985751779,0.00048750773201473955
27,-17.5,True,-18.5,True,1522,1521,-0.5318566827719025,-0.176195402547871
27,-17.5,True,-18.5,False,1522,1467,188.60815085981721,0.0002767532175386874
27,-16.5,True,-17.5,True,1523,1522,-0.5391915066324628,-0.17375566316659147
27,-16.5,True,-17.5,False,1523,1468,190.28123622919804,8.232767182362242e-05
27,-15.5,True,-16.5,True,1524,1523,-0.5463375263188368,-0.16989178438795816
27,-15.5,True,-16.5,False,1524,1469,191.93984075503198,-9.639031152067094e-05
27,-14.5,True,-15.5,True,1525,1524,-0.5533027054082993,-0.16477532954273233
27,-14.5,True,-15.5,False,1525,1470,193.58433408209007,-0.0002599844853509362
27,-13.5,True,-14.5,True,1526,1525,-0.5600945450101165,-0.15855073846139636
27,-13.5,True,-14.5,False,1526,1471,195.21507039045684,-0.0004090038806515163
27,-12.5,True,-13.5,True,1527,1526,-0.5667201177332828,-0.151342150926546
27,-12.5,True,-13.5,False,1527,1472,196.83238928649865,-0.0005439654635156742
27,-11.5,True,-12.5,True,1528,1527,-0.5731860986541761,-0.14325816208525072
27,-11.5,True,-12.5,False,1528,1473,198.43661662889645,-0.0006653565473050214
27,-10.5,True,-11.5,True,1529,1528,-0.5794987935913127,-0.13439524120716428
27,-10.5,True,-11.5,False,1529,1474,200.02806529543616,-0.0007736369861694078
27,-9.5,True,-10.5,True,1530,1529,-0.5856641649609173,-0.12484025667599202
27,-9.5,True,-10.5,False,1530,1475,201.60703589566916,-0.000869241172941454
27,-8.5,True,-9.5,True,1531,1530,-0.5916878554534435,-0.11467238600389452
27,-8.5,True,-9.5,False,1531,1476,203.17381743404,-0.000952579861669817
27,-7.5,True,-8.5,True,1532,1531,-0.59757520974469,-0.10396459233851443
27,-7.5,True,-8.5,False,1532,1477,204.72868792762708,-0.001024041832680662
27,-6.5,True,-7.5,True,1533,1532,-0.6033312944320528,-0.0927847891155328
27,-6.5,True,-7.5,False,1533,1478,206.27191498223556,-0.0010839954159850406
27,-5.5,True,-6.5,True,1534,1533,-0.6089609163645662,-0.08119677659446314
27,-5.5,True,-6.5,False,1534,1479,207.80375633022416,-0.0011327898870488536
27,-4.5,True,-5.5,True,1535,1534,-0.6144686395171703,-0.06926100933723166
27,-4.5,True,-5.5,False,1535,1480,209.32446033312766,-0.0011707567473678172
27,-3.5,True,-4.5,True,1536,1535,-0.6198588005443781,-0.057035237260289855
27,-3.5,True,-4.5,False,1536,1481,210.8342664518513,-0.0011982109009142422
27,-2.5,True,-3.5,True,1537,1536,-0.6251355231338493,-0.04457505174943887
27,-2.5,True,-3.5,False,1537,1482,212.3334056869583,-0.0012154517363149795
27,-1.5,True,-2.5,True,1538,1537,-0.6303027312669087,-0.03193436066486084
27,-1.5,True,-2.5,False,1538,1483,213.82210099134275,-0.001222764123558855
27,-0.5,True,-1.5,True,1539,1538,-0.6353641614842758,-0.019165810754269336
27,-0.5,True,-1.5,False,1539,1484,215.3005676573768,-0.0012204193331014307
27,0.5,True,-0.5,True,1540,1539,-0.6403233742430956,-0.0063211723186805705
27,0.5,True,-0.5,False,1540,1485,216.76901368043463,-0.0012086758844093908
27,1.5,True,0.5,True,1541,1540,-0.6451837644442264,0.006548301520331063
27,1.5,True,0.5,False,1541,1486,218.22764010053254,-0.001187780330262415
27,2.5,True,1.5,True,1542,1541,-0.6499485712000563,0.019391530212650693
27,2.5,True,1.5,False,1542,1487,219.6766413236735,-0.0011579679824861608
27,3.5,True,2.5,True,1543,1542,-0.6546208869075798,0.032157265993995515
27,3.5,True,2.5,False,1543,1488,221.11620542435105,-0.0011194635842210728
27,4.5,True,3.5,True,1544,1543,-0.6592036656834068,0.04479374937741985
27,4.5,True,3.5,False,1544,1489,222.54651443054527,-0.0010724819333244164
27,5.5,True,4.5,True,1545,1544,-0.6636997312136543,0.05724835008841514
27,5.5,True,4.5,False,1545,1490,223.96774459243343,-0.0010172284610546884
27,6.5,True,5.5,True,1546,1545,-0.668111784066113,0.06946718271136781
27,6.5,True,5.5,False,1546,1491,225.38006663593887,-0.0009538997697847793
27,7.5,True,6.5,True,1547,1546,-0.6724424085073508,0.08139468470960796
27,7.5,True,6.5,False,1547,1492,226.78364600215065,-0.0008826841331349109
27,8.5,True,7.5,True,1548,1547,-0.6766940788642017,0.0929731419905526
27,8.5,True,7.5,False,1548,1493,228.17864307356433,-0.0008037619615950268
27,9.5,True,8.5,True,1549,1548,-0.6808691654649124,0.10414214352015966
27,9.5,True,8.5,False,1549,1494,229.5652133880204,-0.0007173062364219623
27,10.5,True,9.5,True,1550,1549,-0.6849699401927865,0.11483794118924404
27,10.5,True,9.5,False,1550,1495,230.94350784114792,-0.0006234829143396211
27,11.5,True,10.5,True,1551,1550,-0.6889985816812612,0.1249926834831226
27,11.5,True,10.5,False,1551,1496,232.3136728780591,-0.0005224513053421286
27,12.5,True,11.5,True,1552,1551,-0.6929571801780128,0.13453348037898294
27,12.5,True,11.5,False,1552,1497,233.67585067498504,-0.00041436442569171524
27,13.5,True,12.5,True,1553,1552,-0.6968477421026762,0.14338124048702264
27,13.5,True,12.5,False,1553,1498,235.03017931148955,-0.0002993693280186018
27,14.5,True,13.5,True,1554,1553,-0.7006721943199778,0.15144919680272573
27,14.5,True,13.5,False,1554,1499,236.37679293385213,-0.00017760741026352835
27,15.5,True,14.5,True,1555,1554,-0.7044323881502947,0.15864099956621203
27,15.5,True,14.5,False,1555,1500,237.71582191016708,-4.9214705051228046e-05
27,16.5,True,15.5,True,1556,1555,-0.7081301031353604,0.1648481949746171
27,16.5,True,15.5,False,1556,1501,239.04739297766662,8.567784905244516e-05
27,17.5,True,16.5,True,1557,1556,-0.7117670505773361,0.1699468112789202
27,17.5,True,16.5,False,1557,1502,240.37162938273914,0.00022694415306901235
27,18.5,True,17.5,True,1558,1557,-0.7153448768665953,0.17379260987097822
27,18.5,True,17.5,False,1558,1503,241.68865101408045,0.00037446270870351
27,19.5,True,18.5,True,1559,1558,-0.718865166613881,0.1762142707624522
27,19.5,True,18.5,False,1559,1504,242.9985745293852,0.0005281163938926944
27,20.5,True,19.5,True,1560,1559,-0.7223294455989162,0.17700324952915497
27,20.5,True,19.5,False,1560,1505,244.3015134759576,0.0006877922517743457
27,21.5,True,20.5,True,1561,1560,-0.7257391835493934,0.17589799962069563
27,21.5,True,20.5,False,1561,1506,245.5975784055945,0.0008533812921427299
27,22.5,True,21.5,True,1562,1561,-0.7290957967610581,0.172558056213054
27,22.5,True,21.5,False,1562,1507,246.88687698406926,0.0010247783045154715
27,23.5,True,22.5,True,1563,1562,-0.732400650569474,0.16651840706621923
27,23.5,True,22.5,False,1563,1508,248.169514095524,0.0012018816820190458
27,24.5,True,23.5,True,1564,1563,-0.7356550616836302,0.15710140739122935
27,24.5,True,23.5,False,1564,1509,249.44559194205607,0.0013845932553553332
27,25.5,True,24.5,True,1565,1564,-0.7388603003901437,0.14322328336583864
27,25.5,True,24.5,False,1565,1510,250.71521013876753,0.0015728181361695187
27,26.5,True,25.5,True,1566,1565,-0.7420175926367278,0.12287601054223876
27,26.5,True,25.5,False,1566,1511,251.97846580452588,0.0017664645691980489
27,27.5,True,26.5,True,1567,1566,-0.7451281220022423,0.09113937863611607
27,27.5,True,26.5,False,1567,1512,253.2354536486721,0.001965443792610528
28,-27.5,False,-28.5,False,1569,1568,-2.296247845654186,0.08964019968349808
28,-26.5,False,-27.5,False,1570,1569,-2.2865133620520623,-0.12107301242623218
28,-26.5,False,-27.5,True,1570,1625,-175.92933458003031,-0.00010845999196879183
28,-25.5,False,-26.5,False,1571,1570,-2.277080150775049,-0.14139413460770406
28,-25.5,False,-26.5,True,1571,1626,-177.7487945340722,-0.00018582433412604808
28,-24.5,False,-25.5,False,1572,1571,-2.2679329850795042,-0.15541608016543723
28,-24.5,False,-25.5,True,1572,1627,-179.54967411114154,-0.00025970071332881667
28,-23.5,False,-24.5,False,1573,1572,-2.259057694338267,-0.16509900943292286
28,-23.5,False,-24.5,True,1573,1628,-181.3325312317741,-0.0003310199080880072
28,-22.5,False,-23.5,False,1574,1573,-2.250441071685806,-0.17149878233322458
28,-22.5,False,-23.5,True,1574,1629,-183.09789643901294,-0.00039991934005757817
28,-21.5,False,-22.5,False,1575,1574,-2.2420707913467055,-0.17527427611708185
28,-21.5,False,-22.5,True,1575,1630,-184.84627474326024,-0.0004663775680064346
28,-20.5,False,-21.5,False,1576,1575,-2.2339353344697415,-0.1768767059582854
28,-20.5,False,-21.5,True,1576,1631,-186.57814731029148,-0.0005303310195056864
28,-19.5,False,-20.5,False,1577,1576,-2.2260239224525264,-0.17663574675546706
28,-19.5,False,-20.5,True,1577,1632,-188.29397300842854,-0.0005917062992838507
28,-18.5,False,-19.5,False,1578,1577,-2.2183264568786285,-0.17480411310085164
28,-18.5,False,-19.5,True,1578,1633,-189.99418982897447,-0.000650431071694213
28,-17.5,False,-18.5,False,1579,1578,-2.210833465305541,-0.17158286096079767
28,-17.5,False,-18.5,True,1579,1634,-191.67921619237342,-0.0007064380177522052
28,-16.5,False,-17.5,False,1580,1579,-2.2035360522424696,-0.16713677951733752
28,-16.5,False,-17.5,True,1580,1635,-193.3494521511362,-0.0007596661902835166
28,-15.5,False,-16.5,False,1581,1580,-2.1964258547397435,-0.16160427808406466
28,-15.5,False,-16.5,True,1581,1636,-195.0052804993332,-0.0008100612963024801
28,-14.5,False,-15.5,False,1582,1581,-2.1894950020864457,-0.1551040225466729
28,-14.5,False,-15.5,True,1582,1637,-196.64706779737418,-0.0008575755165949816
28,-13.5,False,-14.5,False,1583,1582,-2.1827360791744184,-0.14773955540821093
28,-13.5,False,-14.5,True,1583,1638,-198.27516531984983,-0.0009021671277751415
28,-12.5,False,-13.5,False,1584,1583,-2.1761420931408537,-0.13960261300999466
28,-12.5,False,-13.5,True,1584,1639,-199.8899099333799,-0.0009438000493013102
28,-11.5,False,-12.5,False,1585,1584,-2.1697064429478417,-0.13077557178712934
28,-11.5,False,-12.5,True,1585,1640,-201.49162491068336,-0.0009824433740705679
28,-10.5,False,-11.5,False,1586,1585,-2.1634228915990263,-0.12133329523208433
28,-10.5,False,-11.5,True,1586,1641,-203.080620686445,-0.0010180709108910018
28,-9.5,False,-10.5,False,1587,1586,-2.1572855407263205,-0.11134455826575994
28,-9.5,False,-10.5,True,1587,1642,-204.65719555998513,-0.0010506607520790814
28,-8.5,False,-9.5,False,1588,1587,-2.1512888073121843,-0.10087316734996501
28,-8.5,False,-9.5,True,1588,1643,-206.22163634923845,-0.0010801948717299693
28,-7.5,False,-8.5,False,1589,1588,-2.1454274023379156,-0.08997885767859352
28,-7.5,False,-8.5,True,1589,1644,-207.7742190001033,-0.0011066587561960742
28,-6.5,False,-7.5,False,1590,1589,-2.1396963111733243,-0.07871802469501421
28,-6.5,False,-7.5,True,1590,1645,-209.31520915482935,-0.001130041066235759
28,-5.5,False,-6.5,False,1591,1590,-2.1340907755410257,-0.06714433112949984
28,-5.5,False,-6.5,True,1591,1646,-210.84486268275845,-0.0011503333292429577
28,-4.5,False,-5.5,False,1592,1591,-2.128606276909622,-0.05530921983945884
28,-4.5,False,-5.5,True,1592,1647,-212.3634261764239,-0.0011675296594900548
28,-3.5,False,-4.5,False,1593,1592,-2.1232385211826568,-0.04326235519995092
28,-3.5,False,-4.5,True,1593,1648,-213.87113741573094,-0.0011816265041394056
28,-2.5,False,-3.5,False,1594,1593,-2.1179834245660487,-0.03105201052761773
28,-2.5,False,-3.5,True,1594,1649,-215.36822580269444,-0.0011926224127761997
28,-1.5,False,-2.5,False,1595,1594,-2.112837100508443,-0.018725415323084797
28,-1.5,False,-2.5,True,1595,1650,-216.85491276898372,-0.0012005178282975385
28,-0.5,False,-1.5,False,1596,1595,-2.107795847619059,-0.0063290735292645195
28,-0.5,False,-1.5,True,1596,1651,-218.331412158326,-0.0012053148971189664
28,0.5,False,-0.5,False,1597,1596,-2.1028561384781312,0.006090937770897384
28,0.5,False,-0.5,True,1597,1652,-219.79793058563797,-0.0012070172968037874
28,1.5,False,0.5,False,1598,1597,-2.0980146092627336,0.018488680945210976
28,1.5,False,0.5,True,1598,1653,-221.2546677745936,-0.0012056300793620391
28,2.5,False,1.5,False,1599,1598,-2.093268050119079,0.030818074067143635
28,2.5,False,1.5,True,1599,1654,-222.70181687519022,-0.0012011595286032283
28,3.5,False,2.5,False,1600,1599,-2.0886133962181788,0.0430326034185149
28,3.5,False,2.5,True,1600,1655,-224.13956476274228,-0.0011936130300431536
28,4.5,False,3.5,False,1601,1600,-2.0840477194384306,0.05508502461273615
28,4.5,False,3.5,True,1601,1656,-225.56809231961364,-0.0011829989519688369
28,5.5,False,4.5,False,1602,1601,-2.0795682206242248,0.066927044060729
28,5.5,False,4.5,True,1602,1657,-226.9875747008911,-0.0011693265363364827
28,6.5,False,5.5,False,1603,1602,-2.0751722223733395,0.0785089713467627
28,6.5,False,5.5,True,1603,1658,-228.39818158510343,-0.0011526057982254125
28,7.5,False,6.5,False,1604,1603,-2.070857162311526,0.08977933130355481
28,7.5,False,6.5,True,1604,1659,-229.8000774110031,-0.0011328474325727716
28,8.5,False,7.5,False,1605,1604,-2.066620586815432,0.10068442198341607
28,8.5,False,7.5,True,1605,1660,-231.19342160134482,-0.0011100627268691744
28,9.5,False,8.5,False,1606,1605,-2.062460145149686,0.11116780101787678
28,9.5,False,8.5,True,1606,1661,-232.57836877452473,-0.0010842634783725998
28,10.5,False,9.5,False,1607,1606,-2.05837358398486,0.12116967758559476
28,10.5,False,9.5,True,1607,1662,-233.95506894487403,-0.0010554619141710383
28,11.5,False,10.5,False,1608,1607,-2.054358742269187,0.13062617966195264
28,11.5,False,10.5,True,1608,1663,-235.32366771234288,-0.0010236706120324882
28,12.5,False,11.5,False,1609,1608,-2.050413546425915,0.13946845529731342
28,12.5,False,11.5,True,1609,1664,-236.68430644225276,-0.0009889024193302553
28,13.5,False,12.5,False,1610,1609,-2.0465360058526585,0.14762155059549212
28,13.5,False,12.5,True,1610,1665,-238.0371224357461,-0.0009511703662696601
28,14.5,False,13.5,False,1611,1610,-2.0427242087009745,0.15500298294279652
28,14.5,False,13.5,True,1611,1666,-239.38224909151452,-0.0009104875678669849
28,15.5,False,14.5,False,1612,1611,-2.0389763179149725,0.16152089099456884
28,15.5,False,14.5,True,1612,1667,-240.71981605934525,-0.0008668671061482951
28,16.5,False,15.5,False,1613,1612,-2.035290567511055,0.1670715844891554
28,16.5,False,15.5,True,1613,1668,-242.04994938598608,-0.0008203218788507364
28,17.5,False,16.5,False,1614,1613,-2.0316652590809383,0.17153622187223427
28,17.5,False,16.5,True,1614,1669,-243.37277165379282,-0.0007708643916262041
28,18.5,False,17.5,False,1615,1614,-2.028098758503546,0.17477618334387018
28,18.5,False,17.5,True,1615,1670,-244.68840211259212,-0.0007185064534350245
28,19.5,False,18.5,False,1616,1615,-2.024589492849344,0.1766264249123817
28,19.5,False,18.5,True,1616,1671,-245.9969568051598,-0.0006632587010026024
28,20.5,False,19.5,False,1617,1616,-2.0211359474654955,0.17688557796195212
28,20.5,False,19.5,True,1617,1672,-247.29854868668943,-0.0006051298083409901
28,21.5,False,20.5,False,1618,1617,-2.017736663229158,0.17530053738813725
28,21.5,False,20.5,True,1618,1673,-248.59328773859886,-0.0005441250829804907
28,22.5,False,21.5,False,1619,1618,-2.0143902339567887,0.17154112867429802
28,22.5,False,21.5,True,1619,1674,-249.88128107699958,-0.0004802437804723699
28,23.5,False,22.5,False,1620,1619,-2.0110953039599337,0.16515547576952766
28,23.5,False,22.5,True,1620,1675,-251.16263305613109,-0.00041347348549395665
28,24.5,False,23.5,False,1621,1620,-2.007850565737897,0.15548378396909948
28,24.5,False,23.5,True,1621,1676,-252.43744536704372,-0.0003437769242528611
28,25.5,False,24.5,False,1622,1621,-2.004654757797141,0.14146882131102897
28,25.5,False,24.5,True,1622,1677,-253.7058171317935,-0.0002710557161502678
28,26.5,False,25.5,False,1623,1622,-2.0015066625911686,0.12114810011196664
28,26.5,False,25.5,True,1623,1678,-254.96784499339662,-0.00019502385803504732
28,27.5,False,26.5,False,1624,1623,-1.9984051045708497,0.08970401539302064
28,27.5,False,26.5,True,1624,1679,-256.2236232017734,-0.00011452895474881401
28,-27.5,True,-28.5,False,1625,1568,171.3465733723241,-0.002881009203752424
28,-26.5,True,-27.5,True,1626,1625,-0.4576201967331599,-0.08972454202564698
28,-26.5,True,-27.5,False,1626,1569,173.1852010212451,0.0025181491571412504
28,-25.5,True,-26.5,True,1627,1626,-0.46705340801017314,-0.12117104289050307
28,-25.5,True,-26.5,False,1627,1570,175.00466097528698,0.0021776923421804283
28,-24.5,True,-25.5,True,1628,1627,-0.4762005737057109,-0.14149034716063277
28,-24.5,True,-25.5,False,1628,1571,176.80554055235632,0.001858575192771409
28,-23.5,True,-24.5,True,1629,1628,-0.48507586444695505,-0.1555019869468011
28,-23.5,True,-24.5,False,1629,1572,178.5883976729889,0.0015598110085869232
28,-22.5,True,-23.5,True,1630,1629,-0.49369248709940905,-0.1651693535290635
28,-22.5,True,-23.5,False,1630,1573,180.35376288022775,0.0012804828947270326
28,-21.5,True,-22.5,True,1631,1630,-0.5020627674385025,-0.17155021062982476
28,-21.5,True,-22.5,False,1631,1574,182.10214118447504,0.001019737477256114
28,-20.5,True,-21.5,True,1632,1631,-0.5101982243154737,-0.17530469948794294
28,-20.5,True,-21.5,False,1632,1575,183.83401375150626,0.0007767792961161852
28,-19.5,True,-20.5,True,1633,1632,-0.5181096363326958,-0.17688493377016204
28,-19.5,True,-20.5,False,1633,1576,185.54983944964331,0.0005508657910155053
28,-18.5,True,-19.5,True,1634,1633,-0.5258071019065937,-0.17662125467748466
28,-18.5,True,-19.5,False,1634,1577,187.25005627018925,0.0003413028077721745
28,-17.5,True,-18.5,True,1635,1634,-0.5333000934796814,-0.17476688455060457
28,-17.5,True,-18.5,False,1635,1578,188.9350826335882,0.0001474405626000169
28,-16.5,True,-17.5,True,1636,1635,-0.5405975065427526,-0.1715232730824442
28,-16.5,True,-17.5,False,1636,1579,190.60531859235098,-3.132998968366275e-05
28,-15.5,True,-16.5,True,1637,1636,-0.5477077040454503,-0.16705551796440232
28,-15.5,True,-16.5,False,1637,1580,192.261146940548,-0.00019558043035711151
28,-14.5,True,-15.5,True,1638,1637,-0.5546385566987766,-0.1615022714219816
28,-14.5,True,-15.5,False,1638,1581,193.90293423858895,-0.00034584783507846535
28,-13.5,True,-14.5,True,1639,1638,-0.5613974796108039,-0.15498239057331778
28,-13.5,True,-14.5,False,1639,1582,195.5310317610646,-0.00048263745120074995
28,-12.5,True,-13.5,True,1640,1639,-0.5679914656443685,-0.14759956767443946
28,-12.5,True,-13.5,False,1640,1583,197.14577637459467,-0.0006064251250664874
28,-11.5,True,-12.5,True,1641,1640,-0.5744271158373806,-0.1394456550157116
28,-11.5,True,-12.5,False,1641,1584,198.74749135189813,-0.0007176595063727587
28,-10.5,True,-11.5,True,1642,1641,-0.5807106671861959,-0.13060311707990505
28,-10.5,True,-11.5,False,1642,1585,200.33648712765978,-0.0008167640533713782
28,-9.5,True,-10.5,True,1643,1642,-0.5868480180588733,-0.12114688212704022
28,-9.5,True,-10.5,False,1643,1586,201.91306200119993,-0.00090413885980378
28,-8.5,True,-9.5,True,1644,1643,-0.592844751473038,-0.11114577023783447
28,-8.5,True,-9.5,False,1644,1587,203.47750279045323,-0.0009801623219798813
28,-7.5,True,-8.5,True,1645,1644,-0.5987061564473066,-0.10066361638078261
28,-7.5,True,-8.5,False,1645,1588,205.03008544131808,-0.0010451926622593484
28,-6.5,True,-7.5,True,1646,1645,-0.604437247611898,-0.08976017000479106
28,-6.5,True,-7.5,False,1646,1589,206.57107559604412,-0.0010995693233153247
28,-5.5,True,-6.5,True,1647,1646,-0.6100427832441966,-0.0784918285246473
28,-5.5,True,-6.5,False,1647,1590,208.10072912397322,-0.001143614245931162
28,-4.5,True,-5.5,True,1648,1647,-0.6155272818756004,-0.06691224598187598
28,-4.5,True,-5.5,False,1648,1591,209.61929261763868,-0.001177633041648534
28,-3.5,True,-4.5,True,1649,1648,-0.6208950376025371,-0.05507284723050368
28,-3.5,True,-4.5,False,1649,1592,211.12700385694575,-0.00120191607034124
28,-2.5,True,-3.5,True,1650,1649,-0.6261501342191735,-0.04302327044610851
28,-2.5,True,-3.5,False,1650,1593,212.62409224390922,-0.0012167394316904502
28,-1.5,True,-2.5,True,1651,1650,-0.631296458276779,-0.03081175548049125
28,-1.5,True,-2.5,False,1651,1594,214.1107792101985,-0.001222365878575282
28,-0.5,True,-1.5,True,1652,1651,-0.6363377111661634,-0.01848549187746102
28,-0.5,True,-1.5,False,1652,1595,215.58727859954078,-0.0012190456595469136
28,0.5,True,-0.5,True,1653,1652,-0.641277420307091,-0.006090937770897694
28,0.5,True,-0.5,False,1653,1596,217.05379702685275,-0.001207017296803801
28,1.5,True,0.5,True,1654,1653,-0.6461189495224886,0.006325880892875557
28,1.5,True,0.5,False,1654,1597,218.51053421580838,-0.00118650830542803
28,2.5,True,1.5,True,1655,1654,-0.650865508666115,0.018719082522075055
28,2.5,True,1.5,False,1655,1598,219.957683316405,-0.0011577358590572975
28,3.5,True,2.5,True,1656,1655,-0.6555201625670435,0.031042645800500625
28,3.5,True,2.5,False,1656,1599,221.39543120395706,-0.001120907406646589
28,4.5,True,3.5,True,1657,1656,-0.6600858393467917,0.0432501219383621
28,4.5,True,3.5,False,1657,1600,222.82395876082842,-0.001076221244517735
28,5.5,True,4.5,True,1658,1657,-0.6645653381609975,0.05529433562028682
28,5.5,True,4.5,False,1658,1601,224.24344114210587,-0.0010238670474805327
28,6.5,True,5.5,True,1659,1658,-0.6689613364118827,0.06712706636969837
28,6.5,True,5.5,False,1659,1602,225.6540480263182,-0.000964026362447748
28,7.5,True,6.5,True,1660,1659,-0.6732763964736961,0.0786987008962881
28,7.5,True,6.5,False,1660,1603,227.05594385221787,-0.0008968730676396118
28,8.5,True,7.5,True,1661,1660,-0.6775129719697617,0.08995784521795053
28,8.5,True,7.5,False,1661,1604,228.4492880425596,-0.000822573800181032
28,9.5,True,8.5,True,1662,1661,-0.6816734136355507,0.10085088275889414
28,9.5,True,8.5,False,1662,1605,229.8342352157395,-0.0007412883546384265
28,10.5,True,9.5,True,1663,1662,-0.685759974800348,0.1113214609247653
28,10.5,True,9.5,False,1663,1606,231.21093538608883,-0.0006531700548038361
28,11.5,True,10.5,True,1664,1663,-0.6897748165160351,0.12130988338738302
28,11.5,True,10.5,False,1664,1607,232.57953415355766,-0.0005583661008302775
28,12.5,True,11.5,True,1665,1664,-0.6937200123593072,0.13075237777108584
28,12.5,True,11.5,False,1665,1608,233.94017288346754,-0.0004570178936307746
28,13.5,True,12.5,True,1666,1665,-0.6975975529325638,0.1395801975141866
28,13.5,True,12.5,False,1666,1609,235.2929888769609,-0.0003492613382840949
28,14.5,True,13.5,True,1667,1666,-0.7014093500842336,0.14771850061483083
28,14.5,True,13.5,False,1667,1610,236.63811553272933,-0.0002352271280411111
28,15.5,True,14.5,True,1668,1667,-0.7051572408702356,0.15508492386565684
28,15.5,True,14.5,False,1668,1611,237.97568250056005,-0.00011504101038195736
28,16.5,True,15.5,True,1669,1668,-0.7088429912741816,0.1615877341626855
28,16.5,True,15.5,False,1669,1612,239.30581582720083,1.1175963542433618e-05
28,17.5,True,16.5,True,1670,1669,-0.7124682997042697,0.1671233800746172
28,17.5,True,16.5,False,1670,1613,240.62863809500763,0.00014330720487176364
28,18.5,True,17.5,True,1671,1670,-0.7160348002816477,0.17157317183199405
28,18.5,True,17.5,False,1671,1614,241.94426855380692,0.000281240367280563
28,19.5,True,18.5,True,1672,1671,-0.719544065935878,0.1747986576249625
28,19.5,True,18.5,False,1672,1615,243.2528232463746,0.0004248671404864972
28,20.5,True,19.5,True,1673,1672,-0.7229976113197409,0.17663498224255078
28,20.5,True,19.5,False,1673,1616,244.55441512790418,0.0005740830560815268
28,21.5,True,20.5,True,1674,1673,-0.7263968955560358,0.1768809933222487
28,21.5,True,20.5,False,1674,1617,245.84915417981364,0.0007287873048197262
28,22.5,True,21.5,True,1675,1674,-0.7297433248284477,0.17528383962849572
28,22.5,True,21.5,False,1675,1618,247.13714751821436,0.0008888825645748557
28,23.5,True,22.5,True,1676,1675,-0.7330382548252743,0.17151365434417395
28,23.5,True,22.5,False,1676,1619,248.41849949734586,0.0010542748382267404
28,24.5,True,23.5,True,1677,1676,-0.7362829930473396,0.16511895066942223
28,24.5,True,23.5,False,1677,1620,249.69331180825847,0.00122487330081108
28,25.5,True,24.5,True,1678,1677,-0.7394788009880529,0.15544045655078784
28,25.5,True,24.5,False,1678,1621,250.96168357300832,0.0014005901553049392
28,26.5,True,25.5,True,1679,1678,-0.7426268961940821,0.14142170617852073
28,26.5,True,25.5,False,1679,1622,252.22371143461137,0.0015813404964768846
28,27.5,True,26.5,True,1680,1679,-0.7457284542143725,0.12110150571250276
28,27.5,True,26.5,False,1680,1623,253.47948964298817,0.0017670421822716836
28,28.5,True,27.5,True,1681,1680,-0.7487846104445595,0.08966511782210902
28,28.5,True,27.5,False,1681,1624,254.72911013711445,0.001957615712235809
29,-28.5,False,-29.5,False,1683,1682,-2.3042463542051905,0.08823338807293199
29,-27.5,False,-28.5,False,1684,1683,-2.2942596535099185,-0.11936828017961472
29,-27.5,False,-28.5,True,1684,1741,-174.4630778885902,-0.00010390089208818237
29,-26.5,False,-27.5,False,1685,1684,-2.284587208021833,-0.1396476205317744
29,-26.5,False,-27.5,True,1685,1742,-176.29779119133673,-0.00017824331708952065
29,-25.5,False,-26.5,False,1686,1685,-2.275212874225602,-0.15378477697159518
29,-25.5,False,-26.5,True,1686,1743,-178.11345771479893,-0.0002494197513886935
29,-24.5,False,-25.5,False,1687,1686,-2.2661216463124205,-0.16369608537086539
29,-24.5,False,-25.5,True,1687,1744,-179.91065867655175,-0.00031830839998641644
29,-23.5,False,-24.5,False,1688,1687,-2.257299555122003,-0.17041195724115274
29,-23.5,False,-24.5,True,1688,1745,-181.68994631920094,-0.00038503022415547073
29,-22.5,False,-23.5,False,1689,1688,-2.248733577844355,-0.17457421728686295
29,-22.5,False,-23.5,True,1689,1746,-183.45184589338209,-0.0004495554638003799
29,-21.5,False,-22.5,False,1690,1689,-2.240411557152626,-0.17662157684505422
29,-21.5,False,-22.5,True,1690,1747,-185.19685746959385,-0.0005118151002751121
29,-20.5,False,-21.5,False,1691,1690,-2.2323221286248227,-0.1768739517976011
29,-20.5,False,-21.5,True,1691,1748,-186.9254575965861,-0.0005717316184691819
29,-19.5,False,-20.5,False,1692,1691,-2.2244546554686053,-0.175576081252306
29,-19.5,False,-20.5,True,1692,1749,-188.6381008218943,-0.0006292293007833363
29,-18.5,False,-19.5,False,1693,1692,-2.216799169696287,-0.17292226787869241
29,-18.5,False,-19.5,True,1693,1750,-190.33522108827398,-0.0006842379147492982
29,-17.5,False,-18.5,False,1694,1693,-2.2093463190097964,-0.16907141837251094
29,-17.5,False,-18.5,True,1694,1751,-192.01723301819484,-0.0007366939258578358
29,-16.5,False,-17.5,False,1695,1694,-2.20208731875222,-0.16415669793268892
29,-16.5,False,-17.5,True,1695,1752,-193.68453309717165,-0.000786540695712032
29,-15.5,False,-16.5,False,1696,1695,-2.1950139083645297,-0.15829200574584731
29,-15.5,False,-16.5,True,1696,1753,-195.33750076550317,-0.0008337282471070637
29,-14.5,False,-15.5,False,1697,1696,-2.18811831185603,-0.1515764791038167
29,-14.5,False,-15.5,True,1697,1754,-196.97649942693852,-0.0008782128483140492
29,-13.5,False,-14.5,False,1698,1697,-2.18139320185918,-0.14409772414320726
29,-13.5,False,-14.5,True,1698,1755,-198.60187738186852,-0.0009199565325457259
29,-12.5,False,-13.5,False,1699,1698,-2.174831666890796,-0.13593419545099597
29,-12.5,False,-13.5,True,1699,1756,-200.21396869183326,-0.0009589266076855685
29,-11.5,False,-12.5,False,1700,1699,-2.1684271814862086,-0.12715699003039907
29,-11.5,False,-12.5,True,1700,1757,-201.81309398142506,-0.0009950951825205892
29,-10.5,False,-11.5,False,1701,1700,-2.1621735789143486,-0.11783122820596596
29,-10.5,False,-11.5,True,1701,1758,-203.3995611830404,-0.0010284387214539452
29,-9.5,False,-10.5,False,1702,1701,-2.156065026213213,-0.10801713695551607
29,-9.5,False,-10.5,True,1702,1759,-204.97366622938273,-0.001058937632405935
29,-8.5,False,-9.5,False,1703,1702,-2.1500960013164985,-0.09777091496862615
29,-8.5,False,-9.5,True,1703,1760,-206.53569369812726,-0.0010865758888702764
29,-7.5,False,-8.5,False,1704,1703,-2.1442612720674106,-0.08714543516343616
29,-7.5,False,-8.5,True,1704,1761,-208.08591741272593,-0.0011113406851765717
29,-6.5,False,-7.5,False,1705,1704,-2.1385558769385398,-0.0761908246780438
29,-6.5,False,-7.5,True,1705,1762,-209.62460100294666,-0.0011332221230720071
29,-5.5,False,-6.5,False,1706,1705,-2.1329751072956924,-0.06495495165740468
29,-5.5,False,-6.5,True,1706,1763,-211.15199842839567,-0.001152212927327058
29,-4.5,False,-5.5,False,1707,1706,-2.1275144910624277,-0.053483840751285316
29,-4.5,False,-5.5,True,1707,1764,-212.66835446796858,-0.0011683081879497812
29,-3.5,False,-4.5,False,1708,1707,-2.1221697776558983,-0.0418220340402927
29,-3.5,False,-4.5,True,1708,1765,-214.17390517790167,-0.0011815051266267488
29,-2.5,False,-3.5,False,1709,1708,-2.1169369240787574,-0.030012910422881352
29,-2.5,False,-3.5,True,1709,1766,-215.66887832085115,-0.0011918028851243719
29,-1.5,False,-2.5,False,1710,1709,-2.1118120820637927,-0.018098973876175657
29,-1.5,False,-2.5,True,1710,1767,-217.15349376820848,-0.0011992023335341204
29,-0.5,False,-1.5,False,1711,1710,-2.1067915861786872,-0.006122119151003541
29,-0.5,False,-1.5,True,1711,1768,-218.6279638776657,-0.0012037058964119213
29,0.5,False,-0.5,False,1712,1711,-2.1018719428065253,0.005876117819042976
29,0.5,False,-0.5,True,1712,1769,-220.0924938478657,-0.0012053173950221847
29,1.5,False,0.5,False,1713,1712,-2.097049819927676,0.017854318351306825
29,1.5,False,0.5,True,1713,1770,-221.5472820518147,-0.0012040419040537794
29,2.5,False,1.5,False,1714,1713,-2.0923220376347302,0.029770942319773886
29,2.5,False,1.5,True,1714,1771,-222.99252035059186,-0.001199885621313483
29,3.5,False,2.5,False,1715,1714,-2.087685559318956,0.041584086514152005
29,3.5,False,2.5,True,1715,1772,-224.42839438876035,-0.0011928557490272216
29,4.5,False,3.5,False,1716,1715,-2.083137483472939,0.05325123407930991
29,4.5,False,3.5,True,1716,1773,-225.85508387276704,-0.0011829603854833647
29,5.5,False,4.5,False,1717,1716,-2.0786750360596074,0.0647289885871994
29,5.5,False,4.5,True,1717,1774,-227.27276283351438,-0.0011702084258361496
29,6.5,False,5.5,False,1718,1717,-2.074295563400952,0.07597278545411038
29,6.5,False,5.5,True,1718,1775,-228.68159987418971,-0.0011546094709456013
29,7.5,False,6.5,False,1719,1718,-2.069996525546159,0.08693657213239914
29,7.5,False,6.5,True,1719,1776,-230.0817584043516,-0.0011361737431601609
29,8.5,False,7.5,False,1720,1719,-2.0657754900806964,0.0975724466495736
29,8.5,False,7.5,True,1720,1777,-231.47339686119324,-0.0011149120079403478
29,9.5,False,8.5,False,1721,1720,-2.061630126342635,0.10783024144276838
29,9.5,False,8.5,True,1721,1778,-232.85666891883136,-0.0010908355001637208
29,10.5,False,9.5,False,1722,1721,-2.057558200014313,0.11765703574632137
29,10.5,False,9.5,True,1722,1779,-234.2317236864031,-0.0010639558538245613
29,11.5,False,10.5,False,1723,1722,-2.053557568061592,0.12699657458342192
29,11.5,False,10.5,True,1723,1780,-235.59870589569374,-0.0010342850336105744
29,12.5,False,11.5,False,1724,1723,-2.049626173994426,0.13578856499629008
29,12.5,False,11.5,True,1724,1781,-236.95775607896456,-0.0010018352664537197
29,13.5,False,12.5,False,1725,1724,-2.0457620434237924,0.14396780943855483
29,13.5,False,12.5,True,1725,1782,-238.3090107375976,-0.0009666189705180707
29,14.5,False,13.5,False,1726,1725,-2.041963279895697,0.15146312051611988
29,14.5,False,13.5,True,1726,1783,-239.65260250213186,-0.0009286486780498468
29,15.5,False,14.5,False,1727,1726,-2.038228060979492,0.1581959376631134
29,15.5,False,14.5,True,1727,1784,-240.98866028422182,-0.0008879369468091916
29,16.5,False,15.5,False,1728,1727,-2.034554634594201,0.16407853010434512
29,16.5,False,15.5,True,1728,1785,-242.3173094210103,-0.0008444962519074071
29,17.5,False,16.5,False,1729,1728,-2.0309413155546565,0.16901161329199857
29,17.5,False,16.5,True,1729,1786,-243.6386718123739,-0.0007983388448850199
29,18.5,False,17.5,False,1730,1729,-2.0273864823235783,0.1728811129745423
29,18.5,False,17.5,True,1730,1787,-244.95286605146694,-0.0007494765578998296
29,19.5,False,18.5,False,1731,1730,-2.023888573953201,0.17555365411852572
29,19.5,False,18.5,True,1731,1788,-246.2600075489585,-0.0006979205142183224
29,20.5,False,19.5,False,1732,1731,-2.0204460872054426,0.1768700758379602
29,20.5,False,19.5,True,1732,1789,-247.56020865133192,-0.0006436806735977003
29,21.5,False,20.5,False,1733,1732,-2.017057573837519,0.17663576327283656
29,21.5,False,20.5,True,1733,1790,-248.8535787535897,-0.0005867650738018352
29,22.5,False,21.5,False,1734,1733,-2.0137216380414316,0.1746055868886131
29,22.5,False,21.5,True,1734,1791,-250.14022440668342,-0.0005271784807269045
29,23.5,False,22.5,False,1735,1734,-2.010436934028405,0.17045913052409237
29,23.5,False,22.5,True,1735,1792,-251.42024941996803,-0.00046491980289618844
29,24.5,False,23.5,False,1736,1735,-2.0072021637475643,0.16375701985921542
29,24.5,False,23.5,True,1736,1793,-252.69375495895878,-0.0003999766784351661
29,25.5,False,24.5,False,1737,1736,-2.0040160747304867,0.1538565077624807
29,25.5,False,24.5,True,1737,1794,-253.9608396386516,-0.0003323127668853056
29,26.5,False,25.5,False,1738,1737,-2.0008774580536226,0.13972579955789982
29,26.5,False,25.5,True,1738,1795,-255.2215996126505,-0.00026183281404461815
29,27.5,False,26.5,False,1739,1738,-1.9977851464110472,0.1194462055316433
29,27.5,False,26.5,True,1739,1796,-256.4761286583299,-0.00018826071267986184
29,28.5,False,27.5,False,1740,1739,-1.9947380122902132,0.08829918795576899
29,28.5,False,27.5,True,1740,1797,-257.724518258246,-0.00011048526421199142
29,-28.5,True,-29.5,False,1741,1682,169.86457188087508,-0.0029108588249534806
29,-27.5,True,-28.5,True,1742,1741,-0.4498739052752967,-0.08832115147597987
29,-27.5,True,-28.5,False,1742,1683,171.71894432980497,0.0025540543565190587
29,-26.5,True,-27.5,True,1743,1742,-0.45954635076338946,-0.11947097631743767
29,-26.5,True,-27.5,False,1743,1684,173.5536576325515,0.002219013744495958
29,-25.5,True,-26.5,True,1744,1743,-0.4689206845596061,-0.13974931983479497
29,-25.5,True,-26.5,False,1744,1685,175.36932415601373,0.0019046816718353936
29,-24.5,True,-25.5,True,1745,1744,-0.4780119124727946,-0.1538767381345598
29,-24.5,True,-25.5,False,1745,1686,177.16652511776653,0.001610080415687821
29,-23.5,True,-24.5,True,1746,1745,-0.48683400366321905,-0.16377286407524827
29,-23.5,True,-24.5,False,1746,1687,178.94581276041572,0.0013343026034942998
29,-22.5,True,-23.5,True,1747,1746,-0.49539998094086,-0.17047004687387204
29,-22.5,True,-23.5,False,1747,1688,180.70771233459686,0.0010765047777201871
29,-21.5,True,-22.5,True,1748,1747,-0.5037220016325819,-0.17461139551088337
29,-21.5,True,-22.5,False,1748,1689,182.45272391080866,0.0008359016649763111
29,-20.5,True,-21.5,True,1749,1748,-0.5118114301603924,-0.17663653330705842
29,-20.5,True,-21.5,False,1749,1690,184.1813240378009,0.00061176106044656
29,-19.5,True,-20.5,True,1750,1749,-0.5196789033166169,-0.17686605219528218
29,-19.5,True,-20.5,False,1750,1691,185.8939672631091,0.0004033992512429155
29,-18.5,True,-19.5,True,1751,1750,-0.527334389088935,-0.17554520658985084
29,-18.5,True,-19.5,False,1751,1692,187.59108752948876,0.00021017691302268804
29,-17.5,True,-18.5,True,1752,1751,-0.5347872397754259,-0.1728686991144109
29,-17.5,True,-18.5,False,1752,1693,189.27309945940962,3.1495423231946135e-05
29,-16.5,True,-17.5,True,1753,1752,-0.5420462400330024,-0.16899575037972983
29,-16.5,True,-17.5,False,1753,1694,190.94039953838643,-0.0001332064579991985
29,-15.5,True,-16.5,True,1754,1753,-0.5491196504206641,-0.16405977339615369
29,-15.5,True,-16.5,False,1754,1695,192.59336720671797,-0.00028445558177474754
29,-14.5,True,-15.5,True,1755,1754,-0.5560152469291921,-0.15817486317986684
29,-14.5,True,-15.5,False,1755,1696,194.2323658681533,-0.0004227471160889579
29,-13.5,True,-14.5,True,1756,1755,-0.5627403569260423,-0.15144031120608586
29,-13.5,True,-14.5,False,1756,1697,195.8577438230833,-0.0005485469953952229
29,-12.5,True,-13.5,True,1757,1756,-0.5693018918944261,-0.14394384391696988
29,-12.5,True,-13.5,False,1757,1698,197.46983513304804,-0.0006622941422029529
29,-11.5,True,-12.5,True,1758,1757,-0.5757063772990136,-0.1357640082948691
29,-11.5,True,-12.5,False,1758,1699,199.06896042263983,-0.0007644024853231903
29,-10.5,True,-11.5,True,1759,1758,-0.5819599798708737,-0.12697197049633563
29,-10.5,True,-11.5,False,1759,1700,200.65542762425517,-0.0008552627963688368
29,-9.5,True,-10.5,True,1760,1759,-0.588068532571981,-0.11763290046434223
29,-9.5,True,-10.5,False,1760,1701,202.22953267059754,-0.0009352443635200073
29,-8.5,True,-9.5,True,1761,1760,-0.5940375574687238,-0.10780705824151045
29,-8.5,True,-9.5,False,1761,1702,203.79156013934204,-0.0010046965193070813
29,-7.5,True,-8.5,True,1762,1761,-0.5998722867178117,-0.09755066145147968
29,-7.5,True,-8.5,False,1762,1703,205.3417838539407,-0.0010639500372117729
29,-6.5,True,-7.5,True,1763,1762,-0.6055776818466825,-0.0869165898019307
29,-6.5,True,-7.5,False,1763,1704,206.88046744416144,-0.0011133184101835608
29,-5.5,True,-6.5,True,1764,1763,-0.6111584514895299,-0.07595496671570734
29,-5.5,True,-6.5,False,1764,1705,208.40786486961045,-0.0011530990226866786
29,-4.5,True,-5.5,True,1765,1764,-0.6166190677227945,-0.06471364747882033
29,-4.5,True,-5.5,False,1765,1706,209.92422090918336,-0.0011835742265952128
29,-3.5,True,-4.5,True,1766,1765,-0.6219637811292955,-0.05323863587265913
29,-3.5,True,-4.5,False,1766,1707,211.42977161911648,-0.0012050123301194247
29,-2.5,True,-3.5,True,1767,1766,-0.6271966347064648,-0.04157444604740215
29,-2.5,True,-3.5,False,1767,1708,212.92474476206593,-0.0012176685079517686
29,-1.5,True,-2.5,True,1768,1767,-0.6323214767214296,-0.029764422700656126
29,-1.5,True,-2.5,False,1768,1709,214.40936020942326,-0.0012217856399430133
29,-0.5,True,-1.5,True,1769,1768,-0.637341972606535,-0.017851029998572895
29,-0.5,True,-1.5,False,1769,1710,215.88383031888048,-0.0012175950848511553
29,0.5,True,-0.5,True,1770,1769,-0.6422616159786969,-0.005876117819043055
29,0.5,True,-0.5,False,1770,1711,217.3483602890805,-0.0012053173950221983
29,1.5,True,0.5,True,1771,1770,-0.6470837388575461,0.006118827388114046
29,1.5,True,0.5,False,1771,1712,218.80314849302948,-0.0011851629772635847
29,2.5,True,1.5,True,1772,1771,-0.6518115211504636,0.018092440668958275
29,2.5,True,1.5,False,1772,1713,220.2483867918067,-0.0011573327046362318
29,3.5,True,2.5,True,1773,1772,-0.6564479994662662,0.030003239581432976
29,3.5,True,2.5,False,1773,1714,221.68426082997513,-0.0011220184834200753
29,4.5,True,3.5,True,1774,1773,-0.6609960753122834,0.041809382334202776
29,4.5,True,3.5,False,1774,1715,223.11095031398182,-0.001079403779088343
29,5.5,True,4.5,True,1775,1774,-0.6654585227256149,0.05346841707067301
29,5.5,True,4.5,False,1775,1716,224.52862927472916,-0.001029664104752197
29,6.5,True,5.5,True,1776,1775,-0.6698379953842704,0.0649370158476002
29,6.5,True,5.5,False,1776,1717,225.9374663154045,-0.0009729674752038997
29,7.5,True,6.5,True,1777,1776,-0.674137033239063,0.0761706860203339
29,7.5,True,6.5,False,1777,1718,227.33762484556638,-0.0009094748293921837
29,8.5,True,7.5,True,1778,1777,-0.6783580687044974,0.0871234504650126
29,8.5,True,7.5,False,1778,1719,228.72926330240801,-0.0008393404238939128
29,9.5,True,8.5,True,1779,1778,-0.6825034324425872,0.09774748621399532
29,9.5,True,8.5,False,1779,1720,230.11253536004614,-0.000762712199712753
29,10.5,True,9.5,True,1780,1779,-0.6865753587709236,0.10799270845857255
29,10.5,True,9.5,False,1780,1721,231.48759012761786,-0.0006797321245197441
29,11.5,True,10.5,True,1781,1780,-0.6905759907236018,0.11780628318590498
29,11.5,True,10.5,False,1781,1722,232.85457233690857,-0.0005905365122598411
29,12.5,True,11.5,True,1782,1781,-0.6945073847907821,0.12713204651457852
29,12.5,True,11.5,False,1782,1723,234.21362252017937,-0.000495256321877887
29,13.5,True,12.5,True,1783,1782,-0.6983715153614298,0.13590980138224606
29,13.5,True,12.5,False,1783,1724,235.56487717881237,-0.00039401743676054324
29,14.5,True,13.5,True,1784,1783,-0.7021702788895254,0.14407445153576956
29,14.5,True,13.5,False,1784,1725,236.90846894334663,-0.00028694092635442493
29,15.5,True,14.5,True,1785,1784,-0.7059054978057304,0.15155491704788498
29,15.5,True,14.5,False,1785,1726,238.2445267254366,-0.0001741432912902705
29,16.5,True,15.5,True,1786,1785,-0.7095789241910353,0.15827275200080262
29,16.5,True,15.5,False,1786,1727,239.57317586222507,-5.573669323546275e-05
29,17.5,True,16.5,True,1787,1786,-0.7131922432305515,0.16414034876611258
29,17.5,True,16.5,False,1787,1728,240.8945382535887,6.817082941362339e-05
29,18.5,True,17.5,True,1788,1787,-0.7167470764616439,0.16905855618405602
29,18.5,True,17.5,False,1788,1729,242.20873249268172,0.00019747515897067136
29,19.5,True,18.5,True,1789,1788,-0.7202449848320214,0.1729134459752116
29,19.5,True,18.5,False,1789,1730,243.51587399017328,0.0003320759080970119
29,20.5,True,19.5,True,1790,1789,-0.7236874715797512,0.17557180487939247
29,20.5,True,19.5,False,1790,1731,244.81607509254673,0.0004718762407723644
29,21.5,True,20.5,True,1791,1790,-0.7270759849477031,0.17687465412189843
29,21.5,True,20.5,False,1791,1732,246.10944519480447,0.0006167827038067604
29,22.5,True,21.5,True,1792,1791,-0.7304119207437907,0.17662758790532362
29,22.5,True,21.5,False,1792,1733,247.3960908478982,0.0007667050681662393
29,23.5,True,22.5,True,1793,1792,-0.7336966247568171,0.17458572275506357
29,23.5,True,22.5,False,1793,1734,248.6761158611828,0.0009215561794388691
29,24.5,True,23.5,True,1794,1793,-0.7369313950376579,0.17042894164394506
29,24.5,True,23.5,False,1794,1735,249.94962140017356,0.0010812518168231468
29,25.5,True,24.5,True,1795,1794,-0.7401174840547355,0.16371824997971096
29,25.5,True,24.5,False,1795,1736,251.21670607986638,0.0012457105600677527
29,26.5,True,25.5,True,1796,1795,-0.7432561007315996,0.15381141250104766
29,26.5,True,25.5,False,1796,1737,252.47746605386527,0.0014148536638361017
29,27.5,True,26.5,True,1797,1796,-0.7463484123741466,0.13967738818953795
29,27.5,True,26.5,False,1797,1738,253.73199509954475,0.0015886049390054415
29,28.5,True,27.5,True,1798,1797,-0.7493955464950091,0.119398766312539
29,28.5,True,27.5,False,1798,1739,254.98038469946079,0.001766890640455333
29,29.5,True,28.5,True,1799,1798,-0.7523985925405441,0.0882598593715727
29,29.5,True,28.5,False,1799,1740,256.22272411921045,0.0019496393609214175
30,-29.5,False,-30.5,False,1801,1800,-2.3123837514733268,0.0868903338839902
30,-28.5,False,-29.5,False,1802,1801,-2.30213609346562,-0.11773080932023168
30,-28.5,False,-29.5,True,1802,1861,-172.99722912308215,-9.957078715143519e-05
30,-27.5,False,-28.5,False,1803,1802,-2.2922163469633787,-0.1379562730615298
30,-27.5,False,-28.5,True,1803,1862,-174.84744800472595,-0.00017103789908329555
30,-26.5,False,-27.5,False,1804,1803,-2.282607388409488,-0.1521867465290616
30,-26.5,False,-27.5,True,1804,1863,-176.6781381813136,-0.00023963970217000686
30,-25.5,False,-26.5,False,1805,1804,-2.2732933205673476,-0.16229747655892554
30,-25.5,False,-26.5,True,1805,1864,-178.4899053315052,-0.0003062039095293147
30,-24.5,False,-25.5,False,1806,1805,-2.2642593618624645,-0.16929510761624056
30,-24.5,False,-25.5,True,1806,1865,-180.2833244551498,-0.0003708353534893935
30,-23.5,False,-24.5,False,1807,1806,-2.255491747689547,-0.17380559860467992
30,-23.5,False,-24.5,True,1807,1866,-182.0589420059166,-0.0004334959479436259
30,-22.5,False,-23.5,False,1808,1807,-2.2469776421844827,-0.17625607039690355
30,-22.5,False,-23.5,True,1808,1867,-183.8172778370054,-0.0004941111394859265
30,-21.5,False,-22.5,False,1809,1808,-2.2387050591754445,-0.17695742608660853
30,-21.5,False,-22.5,True,1809,1868,-185.55882697958015,-0.0005525991925254877
30,-20.5,False,-21.5,False,1810,1809,-2.2306627912046437,-0.17614706631892466
30,-20.5,False,-21.5,True,1810,1869,-187.284061271175,-0.0006088809167668652
30,-19.5,False,-20.5,False,1811,1810,-2.2228403456652757,-0.17401310293260078
30,-19.5,False,-20.5,True,1811,1870,-188.9934308492597,-0.0006628830923858877
30,-18.5,False,-19.5,False,1812,1811,-2.21522788722541,-0.17070907031059526
30,-18.5,False,-19.5,True,1812,1871,-190.68736552336517,-0.0007145395420752737
30,-17.5,False,-18.5,False,1813,1812,-2.2078161858201355,-0.16636336259271514
30,-17.5,False,-18.5,True,1813,1872,-192.36627603762548,-0.0007637912444077561
30,-16.5,False,-17.5,False,1814,1813,-2.2005965695869634,-0.16108555909444044
30,-16.5,False,-17.5,True,1814,1873,-194.03055523424737,-0.0008105860430539642
30,-15.5,False,-16.5,False,1815,1814,-2.1935608821980566,-0.15497082069124704
30,-15.5,False,-16.5,True,1815,1874,-195.68057912724717,-0.0008548781916881151
30,-14.5,False,-15.5,False,1816,1815,-2.1867014441124013,-0.14810304052894424
30,-14.5,False,-15.5,True,1816,1875,-197.31670789477243,-0.0008966278442816361
30,-13.5,False,-14.5,False,1817,1816,-2.1800110173288942,-0.14055716229157555
30,-13.5,False,-14.5,True,1817,1876,-198.9392867974285,-0.0009358005424308049
30,-12.5,False,-13.5,False,1818,1817,-2.1734827732731645,-0.13240092574225193
30,-12.5,False,-13.5,True,1818,1877,-200.54864702924533,-0.0009723667239421735
30,-11.5,False,-12.5,False,1819,1818,-2.1671102634931003,-0.12369620827531866
30,-11.5,False,-12.5,True,1819,1878,-202.1451065072264,-0.0010063012633807693
30,-10.5,False,-11.5,False,1820,1819,-2.1608873928784647,-0.11450007532845306
30,-10.5,False,-11.5,True,1820,1879,-203.72897060481273,-0.0010375830484559128
30,-9.5,False,-10.5,False,1821,1820,-2.154808395150539,-0.10486561708057197
30,-9.5,False,-10.5,True,1821,1880,-205.30053283405653,-0.0010661945926241543
30,-8.5,False,-9.5,False,1822,1821,-2.148867810398727,-0.09484262579068442
30,-8.5,False,-9.5,True,1822,1881,-206.86007548082057,-0.001092121682543775
30,-7.5,False,-8.5,False,1823,1822,-2.143060464464398,-0.08447815274409355
30,-7.5,False,-8.5,True,1823,1882,-208.4078701968985,-0.0011153530581764057
30,-6.5,False,-7.5,False,1824,1823,-2.1373814499956154,-0.07381697329141253
30,-6.5,False,-7.5,True,1824,1883,-209.94417855257328,-0.0011358801230044277
30,-5.5,False,-6.5,False,1825,1824,-2.1318261090145825,-0.06290198119774644
30,-5.5,False,-6.5,True,1825,1884,-211.46925255279825,-0.0011536966817609943
30,-4.5,False,-5.5,False,1826,1825,-2.126390016857542,-0.051774528402519754
30,-4.5,False,-5.5,True,1826,1885,-212.98333511988517,-0.0011687987031451519
30,-3.5,False,-4.5,False,1827,1826,-2.121068967360955,-0.0404747226451526
30,-3.5,False,-4.5,True,1827,1886,-214.48666054531844,-0.0011811841051409656
30,-2.5,False,-3.5,False,1828,1827,-2.1158589591810966,-0.029041692794952733
30,-2.5,False,-3.5,True,1828,1887,-215.9794549130753,-0.0011908525607327786
30,-1.5,False,-2.5,False,1829,1828,-2.1107561831464494,-0.017513829841726794
30,-1.5,False,-2.5,True,1829,1888,-217.46193649661762,-0.0011978053219958355
30,-0.5,False,-1.5,False,1830,1829,-2.105757010551713,-0.00592901016059657
30,-0.5,False,-1.5,True,1830,1889,-218.93431613153055,-0.00120204506072049
30,0.5,False,-0.5,False,1831,1830,-2.1008579823114673,0.005675193270977287
30,0.5,False,-0.5,True,1831,1890,-220.3967975656085,-0.0012035757238993328
30,1.5,False,0.5,False,1832,1831,-2.0960557989004087,0.017261306640605368
30,1.5,False,0.5,True,1832,1891,-221.84957778803516,-0.0012024024025607102
30,2.5,False,1.5,False,1833,1832,-2.0913473110130667,0.02879175333791196
30,2.5,False,1.5,True,1833,1892,-223.29284733916342,-0.0011985312125736439
30,3.5,False,2.5,False,1834,1833,-2.0867295108835435,0.040228649658445186
30,3.5,False,2.5,True,1834,1893,-224.72679060227483,-0.0011919691861697799
30,4.5,False,3.5,False,1835,1834,-2.082199524209983,0.05153359345782195
30,4.5,False,3.5,True,1835,1894,-226.15158607858314,-0.0011827241730336066
30,5.5,False,4.5,False,1836,1835,-2.07775460263575,0.06266744068900654
30,5.5,False,4.5,True,1836,1895,-227.56740664664363,-0.0011708047498986344
30,6.5,False,5.5,False,1837,1836,-2.0733921167415588,0.0735900641388291
30,6.5,False,5.5,True,1837,1896,-228.97441980723573,-0.0011562201376523174
30,7.5,False,6.5,False,1838,1837,-2.069109549508397,0.08426008774189772
30,7.5,False,6.5,True,1838,1897,-230.37278791470047,-0.001138980124995667
30,8.5,False,7.5,False,1839,1838,-2.064904490214417,0.09463458850406586
30,8.5,False,7.5,True,1839,1898,-231.76266839563806,-0.0011190949977210294
30,9.5,False,8.5,False,1840,1839,-2.0607746287321334,0.10466875618205289
30,9.5,False,8.5,True,1840,1899,-233.14421395579942,-0.0010965754726482686
30,10.5,False,9.5,False,1841,1840,-2.056717750194622,0.11431549824425329
30,10.5,False,9.5,True,1841,1900,-234.51757277594095,-0.001071432635197973
30,11.5,False,10.5,False,1842,1841,-2.052731730004126,0.12352497398635086
30,11.5,False,10.5,True,1842,1901,-235.88288869735447,-0.0010436778794443212
30,12.5,False,11.5,False,1843,1842,-2.0488145291562034,0.13224403655024627
30,12.5,False,11.5,True,1843,1902,-237.24030139772958,-0.0010133228492602744
30,13.5,False,12.5,False,1844,1843,-2.0449641898562163,0.14041555431551175
30,13.5,False,12.5,True,1844,1903,-238.58994655795678,-0.0009803793787887516
30,14.5,False,13.5,False,1845,1844,-2.0411788314081036,0.14797757263609515
30,14.5,False,13.5,True,1845,1904,-239.9319560204359,-0.0009448594298518314
30,15.5,False,14.5,False,1846,1845,-2.0374566463536326,0.1548622614841709
30,15.5,False,14.5,True,1846,1905,-241.26645793941242,-0.0009067750229081908
30,16.5,False,15.5,False,1847,1846,-2.0337958968460725,0.16099457146020793
30,16.5,False,15.5,True,1847,1906,-242.5935769238269,-0.0008661381565082197
30,17.5,False,16.5,False,1848,1847,-2.030194911240443,0.16629048515777053
30,17.5,False,16.5,True,1848,1907,-243.9134341731282,-0.0008229607074101343
30,18.5,False,17.5,False,1849,1848,-2.026652080886322,0.1706546949084688
30,18.5,False,17.5,True,1849,1908,-245.22614760646974,-0.000777254298686372
30,19.5,False,18.5,False,1850,1849,-2.0231658571077276,0.17397744683951602
30,19.5,False,18.5,True,1850,1909,-246.5318319856786,-0.0007290301145120444
30,20.5,False,19.5,False,1851,1850,-2.019734748358786,0.17613013746986148
30,20.5,False,19.5,True,1851,1910,-247.83059903235988,-0.0006782986242180563
30,21.5,False,20.5,False,1852,1851,-2.016357317542287,0.1769589786161476
30,21.5,False,20.5,True,1852,1911,-249.12255753947574,-0.0006250691467338788
30,22.5,False,21.5,False,1853,1852,-2.0130321794804615,0.17627554639504298
30,22.5,False,21.5,True,1853,1912,-250.40781347771326,-0.0005693491215649987
30,23.5,False,22.5,False,1854,1853,-2.0097579985278173,0.17384204940533032
30,23.5,False,22.5,True,1854,1913,-251.68647009693632,-0.0005111428088922847
30,24.5,False,23.5,False,1855,1854,-2.006533486317011,0.16934708306859633
30,24.5,False,23.5,True,1855,1914,-252.95862802299592,-0.00045044879719091294
30,25.5,False,24.5,False,1856,1855,-2.003357399628669,0.16236286070657602
30,25.5,False,24.5,True,1856,1915,-254.22438535015638,-0.00038725478236714076
30,26.5,False,25.5,False,1857,1856,-2.0002285383773426,0.1522624950523328
30,26.5,False,25.5,True,1857,1916,-255.48383772937717,-0.00032152530756173305
30,27.5,False,26.5,False,1858,1857,-1.9971457437061986,0.13803794600148867
30,27.5,False,26.5,True,1858,1917,-256.7370784526755,-0.0002531680556958316
30,28.5,False,27.5,False,1859,1858,-1.994107896183749,0.11781158432981408
30,28.5,False,27.5,True,1859,1918,-257.9841985337802,-0.00018191618961135454
30,29.5,False,28.5,False,1860,1859,-1.9911139140959335,0.08695813611384146
30,29.5,False,28.5,True,1860,1919,-259.2252867852747,-0.00010669705481161561
30,-29.5,True,-30.5,False,1861,1800,168.3827092781432,-0.0029408952172971436
30,-28.5,True,-29.5,True,1862,1861,-0.44199746531960216,-0.08698158428942457
30,-28.5,True,-29.5,False,1862,1801,170.25309556429693,0.0025895845851688897
30,-27.5,True,-28.5,True,1863,1862,-0.4519172118218222,-0.11783824825092383
30,-27.5,True,-28.5,False,1863,1802,172.10331444594073,0.002259476700666265
30,-26.5,True,-27.5,True,1864,1863,-0.4615261703757483,-0.1380635384736056
30,-26.5,True,-27.5,False,1864,1803,173.93400462252836,0.0019495214143944958
30,-25.5,True,-26.5,True,1865,1864,-0.4708402382178747,-0.1522848412021363
30,-25.5,True,-26.5,False,1865,1804,175.74577177272,0.001658747139595838
30,-24.5,True,-25.5,True,1866,1865,-0.4798741969227365,-0.1623807693683054
30,-24.5,True,-25.5,False,1866,1805,177.5391908963646,0.0013862533970543057
30,-23.5,True,-24.5,True,1867,1866,-0.4886418110956754,-0.16935994083452197
30,-23.5,True,-24.5,False,1867,1806,179.31480844713138,0.001131204205451689
30,-22.5,True,-23.5,True,1868,1867,-0.49715591660071823,-0.1738496201911968
30,-22.5,True,-23.5,False,1868,1807,181.0731442782202,0.0008928222064912924
30,-21.5,True,-22.5,True,1869,1868,-0.505428499609792,-0.17627785450489647
30,-21.5,True,-22.5,False,1869,1808,182.8146934207949,0.000670383430449662
30,-20.5,True,-21.5,True,1870,1869,-0.5134707675805572,-0.17695623311720288
30,-20.5,True,-21.5,False,1870,1809,184.53992771238978,0.00046321262147877503
30,-19.5,True,-20.5,True,1871,1870,-0.5212932131199466,-0.17612267979095816
30,-19.5,True,-20.5,False,1871,1810,186.2492972904745,0.00027067905345040357
30,-18.5,True,-19.5,True,1872,1871,-0.5289056715598122,-0.17396571265251431
30,-18.5,True,-19.5,False,1872,1811,187.94323196457995,9.21927767994515e-05
30,-17.5,True,-18.5,True,1873,1872,-0.5363173729650867,-0.1706391853959643
30,-17.5,True,-18.5,False,1873,1812,189.62214247884026,-7.279875501724962e-05
30,-16.5,True,-17.5,True,1874,1873,-0.5435369891982589,-0.16627174476918605
30,-16.5,True,-17.5,False,1874,1813,191.28642167546215,-0.00022481372390454308
30,-15.5,True,-16.5,True,1875,1874,-0.5505726765871373,-0.1609731703340356
30,-15.5,True,-16.5,False,1875,1814,192.93644556846198,-0.0003643386889289991
30,-14.5,True,-15.5,True,1876,1875,-0.5574321146728209,-0.15483878133363482
30,-14.5,True,-15.5,False,1876,1815,194.5725743359872,-0.0004918310650869662
30,-13.5,True,-14.5,True,1877,1876,-0.564122541456328,-0.14795259527246302
30,-13.5,True,-14.5,False,1877,1816,196.1951532386433,-0.0006077213683005103
30,-12.5,True,-13.5,True,1878,1877,-0.5706507855120577,-0.14038965222340144
30,-12.5,True,-13.5,False,1878,1817,197.8045134704601,-0.0007124152522144235
30,-11.5,True,-12.5,True,1879,1878,-0.5770232952921219,-0.1322177650882485
30,-11.5,True,-12.5,False,1879,1818,199.40097294844117,-0.00080629535920368
30,-10.5,True,-11.5,True,1880,1879,-0.5832461659067576,-0.12349886489507565
30,-10.5,True,-11.5,False,1880,1819,200.9848370460275,-0.00088972300526545
30,-9.5,True,-10.5,True,1881,1880,-0.5893251636346832,-0.11429005422051335
30,-9.5,True,-10.5,False,1881,1820,202.5563992752713,-0.0009630397161129203
30,-8.5,True,-9.5,True,1882,1881,-0.595265748386467,-0.1046444463332248
30,-8.5,True,-9.5,False,1882,1821,204.11594192203535,-0.0010265686297380066
30,-7.5,True,-8.5,True,1883,1882,-0.6010730943208245,-0.09461184453752439
30,-7.5,True,-8.5,False,1883,1822,205.66373663811328,-0.0010806157789399757
30,-6.5,True,-7.5,True,1884,1883,-0.6067521087896068,-0.08423930077522986
30,-6.5,True,-7.5,False,1884,1823,207.20004499378805,-0.001125471265762882
30,-5.5,True,-6.5,True,1885,1884,-0.6123074497706398,-0.07357158204020135
30,-5.5,True,-6.5,False,1885,1824,208.72511899401303,-0.0011614103384433956
30,-4.5,True,-5.5,True,1886,1885,-0.6177435419276804,-0.06265156587558175
30,-4.5,True,-5.5,False,1886,1825,210.23920156109995,-0.0011886943802850434
30,-3.5,True,-4.5,True,1887,1886,-0.6230645914242388,-0.0515205810948924
30,-3.5,True,-4.5,False,1887,1826,211.74252698653322,-0.0012075718188470468
30,-2.5,True,-3.5,True,1888,1887,-0.6282745996041257,-0.04021870621393916
30,-2.5,True,-3.5,False,1888,1827,213.23532135429008,-0.0012182789629257421
30,-1.5,True,-2.5,True,1889,1888,-0.6333773756387728,-0.028785035456864585
30,-1.5,True,-2.5,False,1889,1828,214.7178029378324,-0.0012210407740105688
30,-0.5,True,-1.5,True,1890,1889,-0.6383765482335093,-0.017257920312613754
30,-0.5,True,-1.5,False,1890,1829,216.19018257274533,-0.0012160715781946963
30,0.5,True,-0.5,True,1891,1890,-0.643275576473755,-0.005675193270977195
30,0.5,True,-0.5,False,1891,1830,217.65266400682327,-0.0012035757238993328
30,1.5,True,0.5,True,1892,1891,-0.6480777598848135,0.005925620571361781
30,1.5,True,0.5,False,1892,1831,219.10544422924994,-0.0011837481902219928
30,2.5,True,1.5,True,1893,1892,-0.6527862477721271,0.01750709896162793
30,2.5,True,1.5,False,1893,1832,220.54871378037822,-0.0011567751502352258
30,3.5,True,2.5,True,1894,1893,-0.6574040479016787,0.02903172027611912
30,3.5,True,2.5,False,1894,1833,221.9826570434896,-0.001122834493129077
30,4.5,True,3.5,True,1895,1894,-0.6619340345752391,0.04046165903146455
30,4.5,True,3.5,False,1895,1834,223.4074525197979,-0.0010820963087091193
30,5.5,True,4.5,True,1896,1895,-0.6663789561494724,0.05175857440121765
30,5.5,True,4.5,False,1896,1835,224.8232730878584,-0.0010347233374202224
30,6.5,True,5.5,True,1897,1896,-0.6707414420436635,0.06288338666820151
30,6.5,True,5.5,False,1897,1836,226.2302862484505,-0.000980871388762666
30,7.5,True,6.5,True,1898,1897,-0.6750240092768252,0.07379603592775918
30,7.5,True,6.5,False,1898,1837,227.62865435591524,-0.0009206897306950918
30,8.5,True,7.5,True,1899,1898,-0.6792290685707769,0.08445521642066553
30,8.5,True,7.5,False,1899,1838,229.01853483685287,-0.0008543214523780568
30,9.5,True,8.5,True,1900,1899,-0.6833589300531031,0.09481807853019712
30,9.5,True,8.5,False,1900,1839,230.40008039701416,-0.0007819038023913847
30,10.5,True,9.5,True,1901,1900,-0.6874158085905862,0.1048398885942621
30,10.5,True,9.5,False,1901,1840,231.77343921715573,-0.0007035685043672482
30,11.5,True,10.5,True,1902,1901,-0.6914018287810819,0.11447363406436409
30,11.5,True,10.5,False,1902,1841,233.13875513856925,-0.0006194420518031127
30,12.5,True,11.5,True,1903,1902,-0.695319029629033,0.1236695578947931
30,12.5,True,11.5,False,1903,1842,234.49616783894436,-0.0005296459836639961
30,13.5,True,12.5,True,1904,1903,-0.6991693689289775,0.13237460092436118
30,13.5,True,12.5,False,1904,1843,235.84581299917159,-0.0004342971422379056
30,14.5,True,13.5,True,1905,1904,-0.7029547273771186,0.14053172373913392
30,14.5,True,13.5,False,1905,1844,237.18782246165068,-0.0003335079145866879
30,15.5,True,14.5,True,1906,1905,-0.7066769124315897,0.14807906901569706
30,15.5,True,14.5,False,1906,1845,238.5223243806272,-0.000227386458812076
30,16.5,True,15.5,True,1907,1906,-0.7103376619391497,0.15494890994448438
30,16.5,True,15.5,False,1907,1846,239.84944336504168,-0.00011603691625972936
30,17.5,True,16.5,True,1908,1907,-0.7139386475447651,0.1610663072457275
30,17.5,True,16.5,False,1908,1847,241.169300614343,4.403893172956134e-07
30,18.5,True,17.5,True,1909,1908,-0.717481477898886,0.1663473618439103
30,18.5,True,17.5,False,1909,1848,242.48201404768454,0.00012194876469096221
30,19.5,True,18.5,True,1910,1909,-0.7209677016774947,0.17069689434053592
30,19.5,True,18.5,False,1910,1849,243.78769842689337,0.0002483949713291884
30,20.5,True,19.5,True,1911,1910,-0.7243988104264503,0.17400529139128598
30,20.5,True,19.5,False,1911,1850,245.08646547357466,0.0003796890600095812
30,21.5,True,20.5,True,1912,1911,-0.7277762412429212,0.17614410548551818
30,21.5,True,20.5,False,1912,1851,246.3784239806905,0.0005157442151480517
30,22.5,True,21.5,True,1913,1912,-0.7311013793047607,0.17695972434152432
30,22.5,True,21.5,False,1913,1852,247.66367991892804,0.000656476608173606
30,23.5,True,22.5,True,1914,1913,-0.7343755602574191,0.17626392645576128
30,23.5,True,22.5,False,1914,1853,248.9423365381511,0.0008018052593298072
30,24.5,True,23.5,True,1915,1914,-0.7376000724681973,0.1738191592379323
30,24.5,True,23.5,False,1915,1854,250.2144944642107,0.0009516519073345587
30,25.5,True,24.5,True,1916,1915,-0.7407761591565531,0.1693143092961841
30,25.5,True,24.5,False,1916,1855,251.48025179137116,0.001105940886372822
30,26.5,True,25.5,True,1917,1916,-0.7439050204078796,0.16232196084178283
30,26.5,True,25.5,False,1917,1856,252.73970417059195,0.001264599009936489
30,27.5,True,26.5,True,1918,1917,-0.7469878150790237,0.15221572846101353
30,27.5,True,26.5,False,1918,1857,253.99294489389027,0.0014275554610648268
30,28.5,True,27.5,True,1919,1918,-0.7500256626014448,0.13798831407022596
30,28.5,True,27.5,False,1919,1858,255.24006497499502,0.0015947416885671703
30,29.5,True,28.5,True,1920,1919,-0.7530196446892887,0.11776335351965125
30,29.5,True,28.5,False,1920,1859,256.4811532264895,0.0017660913088470497
30,30.5,True,29.5,True,1921,1920,-0.7559708069577482,0.086918406620971
30,30.5,True,29.5,False,1921,1860,257.71629633362767,0.001941540012971812
31,-30.5,False,-31.5,False,1923,1922,-2.3206636661397724,0.08560636864950694
31,-29.5,False,-30.5,False,1924,1923,-2.3101459308624186,-0.11615649963121191
31,-29.5,False,-30.5,True,1924,1985,-171.5317987898119,-9.544517384937208e-05
31,-28.5,False,-29.5,False,1925,1924,-2.299970477676368,-0.13631801609158747
31,-28.5,False,-29.5,True,1925,1986,-173.39778163956544,-0.00016416883418796032
31,-27.5,False,-28.5,False,1926,1925,-2.290119134786117,-0.15062285222632105
31,-27.5,False,-28.5,True,1926,1987,-175.2437376932427,-0.0002303095591168802
31,-26.5,False,-27.5,False,1927,1926,-2.2805750530214937,-0.16090763233903196
31,-26.5,False,-27.5,True,1927,1988,-177.0702983222651,-0.00029464636488697016
31,-25.5,False,-26.5,False,1928,1927,-2.271322584581654,-0.1681567421693646
31,-25.5,False,-26.5,True,1928,1989,-178.878062401083,-0.00035726820198672573
31,-24.5,False,-25.5,False,1929,1928,-2.2623471750949093,-0.17298133427589368
31,-24.5,False,-25.5,True,1929,1990,-180.66759860197436,-0.0004181286117561522
31,-23.5,False,-24.5,False,1930,1929,-2.253635267300865,-0.17579775065123832
31,-23.5,False,-24.5,True,1930,1991,-182.43944748558494,-0.0004771473933237205
31,-22.5,False,-23.5,False,1931,1930,-2.245174214903237,-0.176908541617452
31,-22.5,False,-23.5,True,1931,1992,-184.19412340900382,-0.0005342384723333308
31,-21.5,False,-22.5,False,1932,1931,-2.236952205349226,-0.17654433021017626
31,-21.5,False,-22.5,True,1932,1993,-185.93211627047108,-0.0005893190806222216
31,-20.5,False,-21.5,False,1933,1932,-2.2289581904608937,-0.17488753038600705
31,-20.5,False,-21.5,True,1933,1994,-187.65389310749595,-0.0006423129244465941
31,-19.5,False,-20.5,False,1934,1933,-2.2211818239937458,-0.17208674927523931
31,-19.5,False,-20.5,True,1934,1995,-189.3598995631654,-0.0006931511165217554
31,-18.5,False,-19.5,False,1935,1934,-2.2136134053182133,-0.16826602071283772
31,-18.5,False,-19.5,True,1935,1996,-191.05056123369212,-0.0007417722036107839
31,-17.5,False,-18.5,False,1936,1935,-2.206243828527491,-0.16353099028159496
31,-17.5,False,-18.5,True,1936,1997,-192.72628490875263,-0.0007881218182718935
31,-16.5,False,-17.5,False,1937,1936,-2.199064536364432,-0.15797321119694588
31,-16.5,False,-17.5,True,1937,1998,-194.38745971485932,-0.0008321521826257964
31,-15.5,False,-16.5,False,1938,1937,-2.192067478436968,-0.15167322062476332
31,-15.5,False,-16.5,True,1938,1999,-196.0344581708755,-0.0008738215677589501
31,-14.5,False,-15.5,False,1939,1938,-2.1852450732587556,-0.1447028011917607
31,-14.5,False,-15.5,True,1939,2000,-197.667637163786,-0.0009130937570590508
31,-13.5,False,-14.5,False,1940,1939,-2.1785901737071782,-0.13712668198120273
31,-13.5,False,-14.5,True,1940,2001,-199.28733885196675,-0.0009499375357049649
31,-12.5,False,-13.5,False,1941,1940,-2.172096035541614,-0.12900384415780602
31,-12.5,False,-13.5,True,1941,2002,-200.8938915024303,-0.0009843262157604483
31,-11.5,False,-12.5,False,1942,1941,-2.1657562886662873,-0.1203885416100801
31,-11.5,False,-12.5,True,1942,2003,-202.48761026785297,-0.001016237199890743
31,-10.5,False,-11.5,False,1943,1942,-2.159564910859359,-0.11133111229941381
31,-10.5,False,-11.5,True,1943,2004,-204.0687979085934,-0.0010456515834914625
31,-9.5,False,-10.5,False,1944,1943,-2.1535162037220914,-0.10187863340683613
31,-9.5,False,-10.5,True,1944,2005,-205.63774546438964,-0.0010725537934241998
31,-8.5,False,-9.5,False,1945,1944,-2.1476047706295702,-0.09207545829277197
31,-8.5,False,-9.5,True,1945,2006,-207.19473287995612,-0.001096931260830465
31,-7.5,False,-8.5,False,1946,1945,-2.1418254964889627,-0.08196366301308954
31,-7.5,False,-8.5,True,1946,2007,-208.74002958828942,-0.001118774125235823
31,-6.5,False,-7.5,False,1947,1946,-2.1361735291333446,-0.07158342300497973
31,-6.5,False,-7.5,True,1947,2008,-210.2738950551265,-0.0011380749671449709
31,-5.5,False,-6.5,False,1948,1947,-2.1306442621960144,-0.060973335527880555
31,-5.5,False,-6.5,True,1948,2009,-211.79657928767062,-0.001154828566441096
31,-4.5,False,-5.5,False,1949,1948,-2.125233319329581,-0.05017069985108241
31,-4.5,False,-5.5,True,1949,2010,-213.30832331041103,-0.0011690316840811377
31,-3.5,False,-4.5,False,1950,1949,-2.119936539645323,-0.03921176458531168
31,-3.5,False,-4.5,True,1950,2011,-214.8093596106007,-0.0011806828647777552
31,-2.5,False,-3.5,False,1951,1950,-2.1147499642637797,-0.028131949671335508
31,-2.5,False,-3.5,True,1951,2012,-216.2999125557246,-0.0011897822585647656
31,-1.5,False,-2.5,False,1952,1951,-2.1096698238773968,-0.016966049169876374
31,-1.5,False,-2.5,True,1952,2013,-217.78019878508056,-0.001196331459339003
31,-0.5,False,-1.5,False,1953,1952,-2.1046925272365797,-0.005748420011980597
31,-0.5,False,-1.5,True,1953,2014,-219.2504275774093,-0.0012003333586572838
31,0.5,False,-0.5,False,1954,1953,-2.099814650478777,0.005486838821940582
31,0.5,False,-0.5,True,1954,2015,-220.71080119633945,-0.0012017920132347557
31,1.5,False,0.5,False,1955,1954,-2.095032927229269,0.016705712682509755
31,1.5,False,0.5,True,1955,2016,-222.16151521526228,-0.0012007125247444834
31,2.5,False,1.5,False,1956,1955,-2.0903442394081537,0.0278740994389007
31,2.5,False,1.5,True,1956,2017,-223.60275882311447,-0.0011971009306511143
31,3.5,False,2.5,False,1957,1956,-2.0857456086846184,0.038957635804965675
31,3.5,False,2.5,True,1957,2018,-225.03471511242205,-0.0011909641049323606
31,4.5,False,3.5,False,1958,1957,-2.0812341885256274,0.049921518050172545
31,4.5,False,3.5,True,1958,2019,-226.45756135084707,-0.001182309667641813
31,5.5,False,4.5,False,1959,1958,-2.076807256790886,0.06073031308041687
31,5.5,False,4.5,True,1959,2020,-227.87146923737836,-0.0011711459023538437
31,6.5,False,5.5,False,1960,1959,-2.0724622088295916,0.07134775541573016
31,6.5,False,5.5,True,1960,2021,-229.27660514421362,-0.0011574816805987745
31,7.5,False,6.5,False,1961,1960,-2.068196551040117,0.08173652489900736
31,7.5,False,6.5,True,1961,2022,-230.6731303452981,-0.0011413263924470497
31,8.5,False,7.5,False,1962,1961,-2.0640078948557914,0.09185799898237323
31,8.5,False,7.5,True,1962,2023,-232.0612012324088,-0.0011226898824307652
31,9.5,False,8.5,False,1963,1962,-2.059893951124266,0.10167197206617327
31,9.5,False,8.5,True,1963,2024,-233.44096951960364,-0.00110158238999385
31,10.5,False,9.5,False,1964,1963,-2.0558525248496267,0.11113633247767457
31,10.5,False,9.5,True,1964,2025,-234.81258243679233,-0.0010780144936349968
31,11.5,False,10.5,False,1965,1964,-2.051881510271272,0.12020668507754755
31,11.5,False,10.5,True,1965,2026,-236.176182913128,-0.0010519970578323345
31,12.5,False,11.5,False,1966,1965,-2.0479788862529915,0.1288359038824533
31,12.5,False,11.5,True,1966,2027,-237.53190975086704,-0.0010235411817050026
31,13.5,False,12.5,False,1967,1966,-2.0441427119598075,0.1369735940554917
31,13.5,False,12.5,True,1967,2028,-238.87989779029465,-0.0009926581481346708
31,14.5,False,13.5,False,1968,1967,-2.040371122802327,0.14456543547522865
31,14.5,False,13.5,True,1968,2029,-240.22027806627156,-0.0009593593716964389
31,15.5,False,14.5,False,1969,1968,-2.0366623266281465,0.15155236980631254
31,15.5,False,14.5,True,1969,2030,-241.5531779569168,-0.0009236563431464724
31,16.5,False,15.5,False,1970,1969,-2.033014600143389,0.157869577896741
31,16.5,False,15.5,True,1970,2031,-242.87872132490313,-0.0008855605672351519
31,17.5,False,16.5,False,1971,1970,-2.029426285548027,0.1634451716959983
31,17.5,False,16.5,True,1971,2032,-244.19702865180932,-0.0008450834890117738
31,18.5,False,17.5,False,1972,1971,-2.0258957873700183,0.16819849014089475
31,18.5,False,17.5,True,1972,2033,-245.50821716594214,-0.000802236401085285
31,19.5,False,18.5,False,1973,1972,-2.022421569484294,0.17203783362600114
31,19.5,False,18.5,True,1973,2034,-246.81240096401126,-0.0007570303196399773
31,20.5,False,19.5,False,1974,1973,-2.019002152304239,0.1748573824091033
31,20.5,False,19.5,True,1974,2035,-248.10969112701454,-0.0007094758086513114
31,21.5,False,20.5,False,1975,1974,-2.0156361101343805,0.17653289364200545
31,21.5,False,20.5,True,1975,2036,-249.40019583066797,-0.0006595827161885875
31,22.5,False,21.5,False,1976,1975,-2.0123220686721766,0.17691550655444782
31,22.5,False,21.5,True,1976,2037,-250.6840204506893,-0.0006073597563042596
31,23.5,False,22.5,False,1977,1976,-2.009058702650549,0.17582249498526195
31,23.5,False,22.5,True,1977,2038,-251.9612676632268,-0.0005528138072393232
31,24.5,False,23.5,False,1978,1977,-2.0058447336112124,0.17302284441298185
31,24.5,False,23.5,True,1978,2039,-253.23203754070335,-0.0004959486580090396
31,25.5,False,24.5,False,1979,1978,-2.002678927800048,0.16821350130343118
31,25.5,False,24.5,True,1979,2040,-254.49642764332938,-0.0004367626029807722
31,26.5,False,25.5,False,1980,1979,-1.9995600941770988,0.16097745434915023
31,26.5,False,25.5,True,1980,2041,-255.7545331065213,-0.0003752434008125101
31,27.5,False,26.5,False,1981,1980,-1.9964870825340313,0.15070261576741095
31,27.5,False,26.5,True,1981,2042,-257.00644672444724,-0.0003113564338481385
31,28.5,False,27.5,False,1982,1981,-1.9934587817116949,0.13640319040090007
31,28.5,False,27.5,True,1982,2043,-258.25225902990775,-0.00024501215103841427
31,29.5,False,28.5,False,1983,1982,-1.9904741179120435,0.11624014100544325
31,29.5,False,28.5,True,1983,2044,-259.49205837074624,-0.00017595241866198323
31,30.5,False,29.5,False,1984,1983,-1.9875320530982492,0.08567619450971181
31,30.5,False,29.5,True,1984,2045,-260.72593098297136,-0.00010314072467420394
31,-30.5,True,-31.5,False,1985,1922,166.90098919280967,-0.002971153505560193
31,-29.5,True,-30.5,True,1986,1985,-0.43398762792280365,-0.08570117614083793
31,-29.5,True,-30.5,False,1986,1923,168.78766523102666,0.002624819543390208
31,-28.5,True,-29.5,True,1987,1986,-0.4441630811088544,-0.11626876426129772
31,-28.5,True,-29.5,False,1987,1924,170.65364808078021,0.0022991973403410767
31,-27.5,True,-28.5,True,1988,1987,-0.45401442399909797,-0.13643093368927264
31,-27.5,True,-28.5,False,1988,1925,172.49960413445748,0.0019932390274640084
31,-26.5,True,-27.5,True,1989,1988,-0.4635585057637286,-0.15072716656384536
31,-26.5,True,-27.5,False,1989,1926,174.32616476347988,0.001705976504450856
31,-25.5,True,-26.5,True,1990,1989,-0.4728109742035542,-0.16099752547652194
31,-25.5,True,-26.5,False,1990,1927,176.13392884229782,0.0014365137446767377
31,-24.5,True,-25.5,True,1991,1990,-0.4817863836903058,-0.16822840704395617
31,-24.5,True,-25.5,False,1991,1928,177.92346504318917,0.0011840199868588433
31,-23.5,True,-24.5,True,1992,1991,-0.4904982914843572,-0.17303229204879755
31,-23.5,True,-24.5,False,1992,1929,179.6953139267997,0.0009477236954563324
31,-22.5,True,-23.5,True,1993,1992,-0.49895934388196395,-0.17582646361669013
31,-22.5,True,-23.5,False,1993,1930,181.44998985021863,0.0007269071895953399
31,-21.5,True,-22.5,True,1994,1993,-0.5071813534360103,-0.17691416897882256
31,-21.5,True,-22.5,False,1994,1931,183.18798271168583,0.00052090185504397
31,-20.5,True,-21.5,True,1995,1994,-0.5151753683243072,-0.17652656237583514
31,-20.5,True,-21.5,False,1995,1932,184.90975954871075,0.00032908386608194215
31,-19.5,True,-20.5,True,1996,1995,-0.5229517347914765,-0.17484647052071695
31,-19.5,True,-20.5,False,1996,1933,186.6157660043802,0.00015087035448073418
31,-18.5,True,-19.5,True,1997,1996,-0.530520153467009,-0.17202282527709228
31,-18.5,True,-19.5,False,1997,1934,188.3064276749069,-1.4284028469961051e-05
31,-17.5,True,-18.5,True,1998,1997,-0.5378897302577315,-0.168179917823342
31,-17.5,True,-18.5,False,1998,1935,189.9821513499674,-0.00016689020356186566
31,-16.5,True,-17.5,True,1999,1998,-0.5450690224207904,-0.16342359827239242
31,-16.5,True,-17.5,False,1999,1936,191.6433261560741,-0.000307427449307059
31,-15.5,True,-16.5,True,2000,1999,-0.5520660803482542,-0.1578455821982315
31,-15.5,True,-16.5,False,2000,1937,193.29032461209027,-0.0004363459166972645
31,-14.5,True,-15.5,True,2001,2000,-0.5588884855264382,-0.15152653493337018
31,-14.5,True,-15.5,False,2001,1938,194.9235036050008,-0.0005540689036122072
31,-13.5,True,-14.5,True,2002,2001,-0.565543385078044,-0.1445383391962266
31,-13.5,True,-14.5,False,2002,1939,196.54320529318153,-0.000660994915520877
31,-12.5,True,-13.5,True,2003,2002,-0.5720375232436083,-0.13694580086278607
31,-12.5,True,-13.5,False,2003,1940,198.14975794364508,-0.0007574995357666344
31,-11.5,True,-12.5,True,2004,2003,-0.5783772701189349,-0.12880795837821682
31,-11.5,True,-12.5,False,2004,1941,199.74347670906775,-0.0008439371258604462
31,-10.5,True,-11.5,True,2005,2004,-0.5845686479258632,-0.12017910644073555
31,-10.5,True,-11.5,False,2005,1942,201.3246643498082,-0.0009206423737225496
31,-9.5,True,-10.5,True,2006,2005,-0.5906173550631024,-0.11110960982052705
31,-9.5,True,-10.5,False,2006,1943,202.89361190560444,-0.0009879317056669477
31,-8.5,True,-9.5,True,2007,2006,-0.596528788155652,-0.10164656053066641
31,-8.5,True,-9.5,False,2007,1944,204.4505993211709,-0.001046104576064596
31,-7.5,True,-8.5,True,2008,2007,-0.6023080622962595,-0.09183431645862276
31,-7.5,True,-8.5,False,2008,1945,205.9958960295042,-0.0010954446470056764
31,-6.5,True,-7.5,True,2009,2008,-0.6079600296518777,-0.08171494927180388
31,-6.5,True,-7.5,False,2009,1946,207.52976149634128,-0.00113622086887193
31,-5.5,True,-6.5,True,2010,2009,-0.6134892965892078,-0.07132862226422845
31,-5.5,True,-6.5,False,2010,1947,209.0524457288854,-0.0011686884715052497
31,-4.5,True,-5.5,True,2011,2010,-0.6189002394556411,-0.06071391377092034
31,-4.5,True,-5.5,False,2011,1948,210.5641897516258,-0.0011930898745797648
31,-3.5,True,-4.5,True,2012,2011,-0.6241970191398707,-0.049908098173990154
31,-3.5,True,-4.5,False,2012,1949,212.0652260518155,-0.0012096555248500406
31,-2.5,True,-3.5,True,2013,2012,-0.6293835945214425,-0.03894739392317514
31,-2.5,True,-3.5,False,2013,1950,213.55577899693938,-0.0012186046671139787
31,-1.5,True,-2.5,True,2014,2013,-0.6344637349078255,-0.02786718610410928
31,-1.5,True,-2.5,False,2014,1951,215.03606522629534,-0.0012201460550077296
31,-0.5,True,-1.5,True,2015,2014,-0.6394410315486425,-0.0167022297147408
31,-0.5,True,-1.5,False,2015,1952,216.5062940186241,-0.001214478607105886
31,0.5,True,-0.5,True,2016,2015,-0.6443189083064453,-0.005486838821941077
31,0.5,True,-0.5,False,2016,1953,217.96666763755422,-0.001201792013234747
31,1.5,True,0.5,True,2017,2016,-0.6491006315559531,0.0057449339231774805
31,1.5,True,0.5,False,2017,1954,219.41738165647706,-0.0011822672954067519
31,2.5,True,1.5,True,2018,2017,-0.6537893193770401,0.01695912339117742
31,2.5,True,1.5,False,2018,1955,220.85862526432928,-0.001156077327338592
31,3.5,True,2.5,True,2019,2018,-0.6583879501006038,0.02812167994273142
31,3.5,True,2.5,False,2019,1956,222.29058155363683,-0.0011233873161239033
31,4.5,True,3.5,True,2020,2019,-0.6628993702595949,0.03919829558621089
31,4.5,True,3.5,False,2020,1957,223.71342779206185,-0.0010843552492795895
31,5.5,True,4.5,True,2021,2020,-0.6673263019943363,0.05015422456712321
31,5.5,True,4.5,False,2021,1958,225.12733567859314,-0.001039132310074151
31,6.5,True,5.5,True,2022,2021,-0.6716713499556306,0.06095409437222446
31,6.5,True,5.5,False,2022,1959,226.5324715854284,-0.0009878632637672434
31,7.5,True,6.5,True,2023,2022,-0.6759370077451052,0.07156170267430219
31,7.5,True,6.5,False,2023,1960,227.92899678651287,-0.0009306868171435543
31,8.5,True,7.5,True,2024,2023,-0.6801256639294024,0.08193979505198229
31,8.5,True,7.5,False,2024,1961,229.3170676736236,-0.000867735953498876
31,9.5,True,8.5,True,2025,2024,-0.684239607660956,0.09204981733274681
31,9.5,True,8.5,False,2025,1962,230.69683596081842,-0.0007991382450400911
31,10.5,True,9.5,True,2026,2025,-0.6882810339355956,0.10185163503725683
31,10.5,True,9.5,False,2026,1963,232.0684488780071,-0.0007250161444804851
31,11.5,True,10.5,True,2027,2026,-0.6922520485139358,0.11130321051699549
31,11.5,True,10.5,False,2027,1964,233.43204935434278,-0.0006454872574534094
31,12.5,True,11.5,True,2028,2027,-0.6961546725322165,0.12036022578050874
31,12.5,True,11.5,False,2028,1965,234.78777619208185,-0.0005606645972202698
31,13.5,True,12.5,True,2029,2028,-0.6999908468254148,0.12897563540670826
31,13.5,True,12.5,False,2029,1966,236.13576423150943,-0.0004706568230222037
31,14.5,True,13.5,True,2030,2029,-0.7037624359828953,0.1370991289110188
31,14.5,True,13.5,False,2030,1967,237.47614450748634,-0.0003755684633056626
31,15.5,True,14.5,True,2031,2030,-0.7074712321570757,0.14467647479444143
31,15.5,True,14.5,False,2031,1968,238.8090443981316,-0.00027550012494712646
31,16.5,True,15.5,True,2032,2031,-0.7111189586418334,0.15164870822532237
31,16.5,True,15.5,False,2032,1969,240.1345877661179,-0.00017054868950658626
31,17.5,True,16.5,True,2033,2032,-0.7147072732371953,0.1579511092163432
31,17.5,True,16.5,False,2033,1970,241.4528950930241,-6.080749745296802e-05
31,18.5,True,17.5,True,2034,2033,-0.7182377714151755,0.16351189554407217
31,18.5,True,17.5,False,2034,1971,242.76408360715695,5.363347877310375e-05
31,19.5,True,18.5,True,2035,2034,-0.7217119893009567,0.16825051993466772
31,19.5,True,18.5,False,2035,1972,244.068267405226,0.00017268747206641098
31,20.5,True,19.5,True,2036,2035,-0.7251314064809549,0.17207540624607254
31,20.5,True,19.5,False,2036,1973,245.36555756822935,0.00029627076760361257
31,21.5,True,20.5,True,2037,2036,-0.7284974486508418,0.17488087016935058
31,21.5,True,20.5,False,2037,1974,246.65606227188275,0.00042430255875859364
31,22.5,True,21.5,True,2038,2037,-0.7318114901130457,0.17654281940937377
31,22.5,True,21.5,False,2038,1975,247.93988689190408,0.0005567048113696703
31,23.5,True,22.5,True,2039,2038,-0.7350748561346876,0.17691256331166125
31,23.5,True,22.5,False,2039,1976,249.21713410444158,0.0006934021357903529
31,24.5,True,23.5,True,2040,2039,-0.7382888251739956,0.17580757187635637
31,24.5,True,23.5,False,2040,1977,250.48790398191812,0.0008343216661958438
31,25.5,True,24.5,True,2041,2040,-0.7414546309851744,0.17299706265253736
31,25.5,True,24.5,False,2041,1978,251.75229408454416,0.000979392946666695
31,26.5,True,25.5,True,2042,2041,-0.744573464608095,0.16817826590362828
31,26.5,True,25.5,False,2042,1979,253.0103995477361,0.00112854782359727
31,27.5,True,26.5,True,2043,2042,-0.747646476251191,0.160934532989732
31,27.5,True,26.5,False,2043,1980,254.26231316566202,0.0012817203440182966
31,28.5,True,27.5,True,2044,2043,-0.7506747770735274,0.1506542686491978
31,28.5,True,27.5,False,2044,1981,255.50812547112253,0.001438846659450085
31,29.5,True,28.5,True,2045,2044,-0.7536594408731787,0.13635240887414662
31,29.5,True,28.5,False,2045,1982,256.74792481196107,0.0015998649349330272
31,30.5,True,29.5,True,2046,2045,-0.756601505686973,0.11619116843495891
31,30.5,True,29.5,False,2046,1983,257.9817974241861,0.0017647152629064993
31,31.5,True,30.5,True,2047,2046,-0.7595019753072165,0.08563609230091579
31,31.5,True,30.5,False,2047,1984,259.20982750197714,0.0019333395816316353
32,-31.5,False,-32.5,False,2049,2048,-2.3290898536632696,0.08437728616945196
32,-30.5,False,-31.5,False,2050,2049,-2.3182925215659864,-0.11464156395011732
32,-30.5,False,-31.5,True,2050,2113,-170.06679775556242,-9.150233105877776e-05
32,-29.5,False,-30.5,False,2051,2050,-2.307852600147612,-0.13473075947545965
32,-29.5,False,-30.5,True,2051,2114,-171.94880931849082,-0.0001576012496413986
32,-28.5,False,-29.5,False,2052,2051,-2.2977507958236316,-0.14909350587374312
32,-28.5,False,-29.5,True,2052,2115,-173.81027915567682,-0.00022138386658927296
32,-27.5,False,-28.5,False,2053,2052,-2.2879692423673177,-0.15953003762251472
32,-27.5,False,-28.5,True,2053,2116,-175.65186563508257,-0.0002835820389280761
32,-26.5,False,-27.5,False,2054,2053,-2.2784913679450653,-0.16700384051032277
32,-26.5,False,-27.5,True,2054,2117,-177.47419268660974,-0.0003442690047226424
32,-25.5,False,-26.5,False,2055,2054,-2.269301776984193,-0.17211221081597028
32,-25.5,False,-26.5,True,2055,2118,-179.2778522727538,-0.00040338984892442667
32,-24.5,False,-25.5,False,2056,2055,-2.2603861449564917,-0.17526143623385554
32,-24.5,False,-25.5,True,2056,2119,-181.06340663590925,-0.000460858587202445
32,-23.5,False,-24.5,False,2057,2056,-2.251731124441349,-0.1767463010317714
32,-23.5,False,-24.5,True,2057,2120,-182.83139034652186,-0.0005165846710569608
32,-22.5,False,-23.5,False,2058,2057,-2.243324261066256,-0.17679114706928756
32,-22.5,False,-23.5,True,2058,2121,-184.58231217324425,-0.0005704816353867317
32,-21.5,False,-22.5,False,2059,2058,-2.2351539181208295,-0.1755731248842768
32,-21.5,False,-22.5,True,2059,2122,-186.31665679364613,-0.0006224700138811077
32,-20.5,False,-21.5,False,2060,2059,-2.227209208805057,-0.1732363049251941
32,-20.5,False,-21.5,True,2060,2123,-188.0348863617868,-0.0006724781311089898
32,-19.5,False,-20.5,False,2061,2060,-2.219479935216029,-0.16990071962107578
32,-19.5,False,-20.5,True,2061,2124,-189.73744194702266,-0.0007204420429325052
32,-18.5,False,-19.5,False,2062,2061,-2.211956533293872,-0.16566841672379318
32,-18.5,False,-19.5,True,2062,2125,-191.42474485674734,-0.0007663051289200937
32,-17.5,False,-18.5,False,2063,2062,-2.2046300230515214,-0.1606276611261654
32,-17.5,False,-18.5,True,2063,2126,-193.09719785430752,-0.0008100175530489673
32,-16.5,False,-17.5,False,2064,2063,-2.197491963499502,-0.15485594175630843
32,-16.5,False,-17.5,True,2064,2127,-194.75518628207334,-0.0008515356903956474
32,-15.5,False,-16.5,False,2065,2064,-2.1905344117503773,-0.14842218032359114
32,-15.5,False,-16.5,True,2065,2128,-196.39907909853798,-0.00089082156480921
32,-14.5,False,-15.5,False,2066,2065,-2.1837498858534587,-0.14138839110570667
32,-14.5,False,-15.5,True,2066,2129,-198.02922983735664,-0.0009278423178209315
32,-13.5,False,-14.5,False,2067,2066,-2.177131330962908,-0.13381095354482364
32,-13.5,False,-14.5,True,2067,2130,-199.64597749538777,-0.0009625697169562512
32,-12.5,False,-13.5,False,2068,2067,-2.1706720884930064,-0.12574160573713192
32,-12.5,False,-13.5,True,2068,2131,-201.24964735605846,-0.000994979705618239
32,-11.5,False,-12.5,False,2069,2068,-2.164365867952313,-0.11722823288614544
32,-11.5,False,-12.5,True,2069,2132,-202.84055175371856,-0.001025051993712346
32,-10.5,False,-11.5,False,2070,2069,-2.1582067211874687,-0.10831550264001419
32,-10.5,False,-11.5,True,2070,2133,-204.41899078407312,-0.001052769686758148
32,-9.5,False,-10.5,False,2071,2070,-2.1521890187953687,-0.09904538445624793
32,-9.5,False,-10.5,True,2071,2134,-205.98525296527072,-0.0010781189506127483
32,-8.5,False,-9.5,False,2072,2071,-2.1463074284924204,-0.08945758006666116
32,-8.5,False,-9.5,True,2072,2135,-207.53961585377334,-0.0011010887087547264
32,-7.5,False,-8.5,False,2073,2072,-2.1405568952507537,-0.07958988512165685
32,-7.5,False,-8.5,True,2073,2136,-209.08234661873126,-0.0011216703691118049
32,-6.5,False,-7.5,False,2074,2073,-2.1349326230343877,-0.06947849715527878
32,-6.5,False,-7.5,True,2074,2137,-210.6137025782312,-0.0011398575775808195
32,-5.5,False,-6.5,False,2075,2074,-2.129430057984038,-0.05915828147670089
32,-5.5,False,-6.5,True,2075,2138,-212.13393170046442,-0.0011556459955891403
32,-4.5,False,-5.5,False,2076,2075,-2.124044872917878,-0.04866300403231024
32,-4.5,False,-5.5,True,2076,2139,-213.6432730725811,-0.0011690330992799593
32,-3.5,False,-4.5,False,2077,2076,-2.1187729530274737,-0.038025538410874075
32,-3.5,False,-4.5,True,2077,2140,-215.14195733974123,-0.0011800179981240244
32,-2.5,False,-3.5,False,2078,2077,-2.113610382661591,-0.027278052790409693
32,-2.5,False,-3.5,True,2078,2141,-216.6302071166451,-0.001188601270976914
32,-1.5,False,-2.5,False,2079,2078,-2.108553433101676,-0.016452181618186377
32,-1.5,False,-2.5,True,2079,2142,-218.10823737362313,-0.0011947848178003107
32,-0.5,False,-1.5,False,2080,2079,-2.1035985512422712,-0.005579186084781505
32,-0.5,False,-1.5,True,2080,2143,-219.57625579918187,-0.0011985717254455704
32,0.5,False,-0.5,False,2081,2080,-2.098742349097705,0.00530989306243403
32,0.5,False,-0.5,True,2081,2144,-221.03446314073662,-0.0011999661460617929
32,1.5,False,0.5,False,2082,2081,-2.09398159406544,0.016184087163103857
32,1.5,False,0.5,True,2082,2145,-222.48305352511454,-0.0011989731868360975
32,2.5,False,1.5,False,2083,2082,-2.0893131998819428,0.027012352736907802
32,2.5,False,1.5,True,2083,2146,-223.9222147602767,-0.0011955988099020926
32,3.5,False,2.5,False,2084,2083,-2.0847342182138107,0.03776342308081277
32,3.5,False,2.5,True,2084,2147,-225.35212861958726,-0.0011898497413663151
32,4.5,False,3.5,False,2085,2084,-2.080241830831824,0.048405655361252686
32,4.5,False,3.5,True,2085,2148,-226.77297110984767,-0.001181733388498295
32,5.5,False,4.5,False,2086,2085,-2.075833342321303,0.058906869995486444
32,5.5,False,4.5,True,2086,2149,-228.18491272421556,-0.001171257764215188
32,6.5,False,5.5,False,2087,2086,-2.0715061732852718,0.06923417877286558
32,6.5,False,5.5,True,2087,2150,-229.58811868103692,-0.001158431418057673
32,7.5,False,6.5,False,2088,2087,-2.0672578540018662,0.07935379764963175
32,7.5,False,6.5,True,2088,2151,-230.98274914953885,-0.0011432633729087068
32,8.5,False,7.5,False,2089,2088,-2.063086018500357,0.08923083941845887
32,8.5,False,7.5,True,2089,2152,-232.36895946325586,-0.001125763066743496
32,9.5,False,8.5,False,2090,2089,-2.058988399024045,0.09882908044450402
32,9.5,False,8.5,True,2090,2153,-233.74690032199504,-0.0011059402987148904
32,10.5,False,9.5,False,2091,2090,-2.054962820849255,0.10811069428301458
32,10.5,False,9.5,True,2091,2154,-235.1167179830831,-0.001083805178875941
32,11.5,False,10.5,False,2092,2091,-2.051007197435581,0.11703594311825383
32,11.5,False,10.5,True,2092,2155,-236.47855444258272,-0.001059368080801206
32,12.5,False,11.5,False,2093,2092,-2.0471195258807597,0.12556281539733727
32,12.5,False,11.5,True,2093,2156,-237.83254760711387,-0.001032639596294577
32,13.5,False,12.5,False,2094,2093,-2.043297882658976,0.13364659449059962
32,13.5,False,12.5,True,2094,2157,-239.1788314568684,-0.001003630491227854
32,14.5,False,13.5,False,2095,2094,-2.0395404196214884,0.14123933826414287
32,14.5,False,13.5,True,2095,2158,-240.51753620036365,-0.0009723516613321935
32,15.5,False,14.5,False,2096,2095,-2.035845360241126,0.14828924244512576
32,15.5,False,14.5,True,2096,2159,-241.84878842144104,-0.0009388140863894326
32,16.5,False,15.5,False,2097,2096,-2.032210996082455,0.15473985057390957
32,16.5,False,15.5,True,2097,2160,-243.17271121897943,-0.0009030287806908978
32,17.5,False,16.5,False,2098,2097,-2.0286356834825767,0.16052905853773355
32,17.5,False,16.5,True,2098,2161,-244.4894243397592,-0.0008650067366760697
32,18.5,False,17.5,False,2099,2098,-2.0251178404278676,0.16558783949757663
32,18.5,False,17.5,True,2099,2162,-245.79904430488443,-0.0008247588571106456
32,19.5,False,18.5,False,2100,2099,-2.0216559436120463,0.16983858095681012
32,19.5,False,18.5,True,2100,2163,-247.10168453013915,-0.000782295868552515
32,20.5,False,19.5,False,2101,2100,-2.0182485256646885,0.17319287196123692
32,20.5,False,19.5,True,2101,2164,-248.39745544063064,-0.0007376282043321196
32,21.5,False,20.5,False,2102,2101,-2.0148941725379927,0.17554849087912897
32,21.5,False,20.5,True,2102,2165,-249.68646458004812,-0.0006907658372027688
32,22.5,False,21.5,False,2103,2102,-2.011591521040714,0.17678519642784427
32,22.5,False,21.5,True,2103,2166,-250.96881671484164,-0.0006417180267659972
32,23.5,False,22.5,False,2104,2103,-2.0083392565103964,0.17675866445236396
32,23.5,False,22.5,True,2104,2167,-252.24461393360747,-0.0005904929173970605
32,24.5,False,23.5,False,2105,2104,-2.0051361106149557,0.17529143175232448
32,24.5,False,23.5,True,2105,2168,-253.5139557419476,-0.0005370968617016961
32,25.5,False,24.5,False,2106,2105,-2.0019808592738,0.17215876386593307
32,25.5,False,24.5,True,2106,2169,-254.77693915305116,-0.0004815332104726912
32,26.5,False,25.5,False,2107,2106,-1.9988723206926977,0.16706537108354355
32,26.5,False,25.5,True,2107,2170,-256.03365877423244,-0.0004237999886668125
32,27.5,False,26.5,False,2108,2107,-1.9958093535037449,0.15960429222585162
32,27.5,False,26.5,True,2108,2171,-257.28420688964366,-0.0003638850229614061
32,28.5,False,27.5,False,2109,2108,-1.9927908550048414,0.14917728803599797
32,28.5,False,27.5,True,2109,2172,-258.52867353936705,-0.0003017544949864029
32,29.5,False,28.5,False,2110,2109,-1.9898157594913073,0.1348194482618199
32,29.5,False,28.5,True,2110,2173,-259.767146595078,-0.00023732146442566576
32,30.5,False,29.5,False,2111,2110,-1.9868830366753798,0.1147280929597391
32,30.5,False,29.5,True,2111,2174,-260.9997118324594,-0.00017033598617517023
32,31.5,False,30.5,False,2112,2111,-1.9839916901868833,0.08444915998849001
32,31.5,False,30.5,True,2112,2175,-262.2264530005365,-9.979550893020831e-05
32,-31.5,True,-32.5,False,2113,2048,165.41941538033316,-0.0030016663778966337
32,-30.5,True,-31.5,True,2114,2113,-0.4258410372192145,-0.08447572500462149
32,-30.5,True,-31.5,False,2114,2049,167.32266419677723,0.0026598308054775225
32,-29.5,True,-30.5,True,2115,2114,-0.4362809586376102,-0.11475874295931653
32,-29.5,True,-30.5,False,2115,2050,169.2046757597056,0.002338279249568803
32,-28.5,True,-29.5,True,2116,2115,-0.44638276296159063,-0.1348494220143898
32,-28.5,True,-29.5,False,2116,2051,171.0661455968916,0.002035963387766062
32,-27.5,True,-28.5,True,2117,2116,-0.45616431641788324,-0.14920413304045693
32,-27.5,True,-28.5,False,2117,2052,172.90773207629735,0.0017519161101197612
32,-26.5,True,-27.5,True,2118,2117,-0.4656421908401569,-0.15962662410616685
32,-26.5,True,-27.5,False,2118,2053,174.73005912782452,0.001485243554285876
32,-25.5,True,-26.5,True,2119,2118,-0.47483178180104346,-0.16708243115395827
32,-25.5,True,-26.5,False,2119,2054,176.53371871396854,0.0012351180731675316
32,-24.5,True,-25.5,True,2120,2119,-0.4837474138287092,-0.17217020235779135
32,-24.5,True,-25.5,False,2120,2055,178.31927307712402,0.0010007720091312062
32,-23.5,True,-24.5,True,2121,2120,-0.4924024343438731,-0.17529718222302215
32,-23.5,True,-24.5,False,2121,2056,180.08725678773664,0.0007814921680343455
32,-22.5,True,-23.5,True,2122,2121,-0.5008092977189449,-0.17675886306654573
32,-22.5,True,-23.5,False,2122,2057,181.83817861445905,0.0005766149022361796
32,-21.5,True,-22.5,True,2123,2122,-0.5089796406643927,-0.1767801263355701
32,-21.5,True,-22.5,False,2123,2058,183.5725232348609,0.00038552172505688703
32,-20.5,True,-21.5,True,2124,2123,-0.5169243499801581,-0.175538541952752
32,-20.5,True,-21.5,False,2124,2059,185.2907528030016,0.00020763539028845811
32,-19.5,True,-20.5,True,2125,2124,-0.5246536235691934,-0.17317851057732792
32,-19.5,True,-20.5,False,2125,2060,186.99330838823744,4.2416379727674924e-05
32,-18.5,True,-19.5,True,2126,2125,-0.5321770254913503,-0.16982032668969582
32,-18.5,True,-19.5,False,2126,2061,188.68061129796212,-0.00011064025040420617
32,-17.5,True,-18.5,True,2127,2126,-0.5395035357337008,-0.16556624676104328
32,-17.5,True,-18.5,False,2127,2062,190.3530642955223,-0.0002520077066034817
32,-16.5,True,-17.5,True,2128,2127,-0.5466415952857204,-0.16050470188321972
32,-16.5,True,-17.5,False,2128,2063,192.01105272328812,-0.00038213001556183145
32,-15.5,True,-16.5,True,2129,2128,-0.5535991470348165,-0.1547133127610838
32,-15.5,True,-16.5,False,2129,2064,193.6549455397528,-0.0005014243339231851
32,-14.5,True,-15.5,True,2130,2129,-0.5603836729317635,-0.14826110465959103
32,-14.5,True,-15.5,False,2130,2065,195.28509627857142,-0.000610283038132311
32,-13.5,True,-14.5,True,2131,2130,-0.5670022278223144,-0.141210172027834
32,-13.5,True,-14.5,False,2131,2066,196.90184393660255,-0.0007090756186611804
32,-12.5,True,-13.5,True,2132,2131,-0.5734614702922158,-0.13361695492697281
32,-12.5,True,-13.5,False,2132,2067,198.50551379727324,-0.0007981503998549486
32,-11.5,True,-12.5,True,2133,2132,-0.5797676908329095,-0.1255332355952219
32,-11.5,True,-12.5,False,2133,2068,200.09641819493334,-0.0008778361040352911
32,-10.5,True,-11.5,True,2134,2133,-0.5859268375977535,-0.11700692939704996
32,-10.5,True,-11.5,False,2134,2069,201.6748572252879,-0.0009484432762360369
32,-9.5,True,-10.5,True,2135,2134,-0.5919445399898251,-0.10808272220518003
32,-9.5,True,-10.5,False,2135,2070,203.24111940648555,-0.0010102655840004947
32,-8.5,True,-9.5,True,2136,2135,-0.5978261302928018,-0.09880259145371044
32,-8.5,True,-9.5,False,2136,2071,204.79548229498812,-0.0010635810049716313
32,-7.5,True,-8.5,True,2137,2136,-0.6035766635344686,-0.08920623800655
32,-7.5,True,-8.5,False,2137,2072,206.33821305994604,-0.0011086529135396733
32,-6.5,True,-7.5,True,2138,2137,-0.6092009357508346,-0.07933144897474755
32,-6.5,True,-7.5,False,2138,2073,207.86956901944598,-0.0011457310765258934
32,-5.5,True,-6.5,True,2139,2138,-0.6147035008011841,-0.06921440666624375
32,-5.5,True,-6.5,False,2139,2074,209.3897981416792,-0.0011750525667631874
32,-4.5,True,-5.5,True,2140,2139,-0.6200886858673442,-0.058889955306602126
32,-4.5,True,-5.5,False,2140,2075,210.8991395137959,-0.001196842602454954
32,-3.5,True,-4.5,True,2141,2140,-0.6253606057577201,-0.04839183460083391
32,-3.5,True,-4.5,False,2141,2076,212.39782378095603,-0.0012113153193343512
32,-2.5,True,-3.5,True,2142,2141,-0.6305231761236314,-0.03775288732944415
32,-2.5,True,-3.5,False,2142,2077,213.88607355785987,-0.0012186744818909639
32,-1.5,True,-2.5,True,2143,2142,-0.6355801256835463,-0.027005246793832833
32,-1.5,True,-2.5,False,2143,2078,215.3641038148379,-0.001219114139269374
32,-0.5,True,-1.5,True,2144,2143,-0.640535007542951,-0.016180508915752876
32,-0.5,True,-1.5,False,2144,2079,216.83212224039664,-0.0012128192308569123
32,0.5,True,-0.5,True,2145,2144,-0.6453912096875172,-0.005309893062433477
32,0.5,True,-0.5,False,2145,2080,218.2903295819514,-0.0011999661460617929
32,1.5,True,0.5,True,2146,2145,-0.6501519647197824,0.005575604848670129
32,1.5,True,0.5,False,2146,2081,219.73891996632932,-0.0011807232423243377
32,2.5,True,1.5,True,2147,2146,-0.6548203589032511,0.01644506375535667
32,2.5,True,1.5,False,2147,2082,221.17808120149152,-0.001155251324998473
32,3.5,True,2.5,True,2148,2147,-0.6593993405714116,0.02726749035290083
32,3.5,True,2.5,False,2148,2083,222.60799506080204,-0.0011237040923806373
32,4.5,True,3.5,True,2149,2148,-0.6638917279533985,0.038011670543872146
32,4.5,True,3.5,False,2149,2084,224.02883755106245,-0.001086228548841762
32,5.5,True,4.5,True,2150,2149,-0.6683002164639191,0.04864601642320781
32,5.5,True,4.5,False,2150,2085,225.44077916543034,-0.0010429653887346164
32,6.5,True,5.5,True,2151,2150,-0.6726273854999505,0.05913840559076523
32,6.5,True,5.5,False,2151,2086,226.8439851222517,-0.0009940493534912746
32,7.5,True,6.5,True,2152,2151,-0.676875704783356,0.06945600924106153
32,7.5,True,6.5,False,2152,2087,228.23861559075362,-0.0009396095641009441
32,8.5,True,7.5,True,2153,2152,-0.6810475402848368,0.07956510496378891
32,8.5,True,7.5,False,2153,2088,229.62482590447064,-0.0008797698309521931
32,9.5,True,8.5,True,2154,2153,-0.6851451597611913,0.0894308694573635
32,9.5,True,8.5,False,2154,2089,231.00276676320982,-0.0008146489428437371
32,10.5,True,9.5,True,2155,2154,-0.6891707379359673,0.09901714534950257
32,10.5,True,9.5,False,2155,2090,232.37258442429788,-0.0007443609368018107
32,11.5,True,10.5,True,2156,2155,-0.693126361349627,0.10828617494351798
32,11.5,True,10.5,False,2156,2091,233.73442088379753,-0.0006690153501970795
32,12.5,True,11.5,True,2157,2156,-0.6970140329044341,0.11719829183543563
32,12.5,True,11.5,False,2157,2092,235.08841404832867,-0.000588717456520771
32,13.5,True,12.5,True,2158,2157,-0.7008356761262462,0.12571155878305937
32,13.5,True,12.5,False,2158,2093,236.4346978980832,-0.0005035684860606436
32,14.5,True,13.5,True,2159,2158,-0.7045931391637339,0.13378133666895017
32,14.5,True,13.5,False,2159,2094,237.77340264157843,-0.0004136658326104349
32,15.5,True,14.5,True,2160,2159,-0.7082881985440821,0.1413597644571304
32,15.5,True,14.5,False,2160,2095,239.10465486265582,-0.000319103247248756
32,16.5,True,15.5,True,2161,2160,-0.7119225627027816,0.14839512304343563
32,16.5,True,15.5,False,2161,2096,240.42857766019418,-0.0002199710201354992
32,17.5,True,16.5,True,2162,2161,-0.7154978753026455,0.15483104582032567
32,17.5,True,16.5,False,2162,2097,241.745290780974,-0.00011635615119617649
32,18.5,True,17.5,True,2163,2162,-0.7190157183573263,0.16060552398805047
32,18.5,True,17.5,False,2163,2098,243.05491074609924,-8.342510489957595e-06
32,19.5,True,18.5,True,2164,2163,-0.7224776151732044,0.16564963247654857
32,19.5,True,18.5,False,2164,2099,244.3575509713539,0.00010398901100702257
32,20.5,True,19.5,True,2165,2164,-0.7258850331205053,0.1698858683028287
32,20.5,True,19.5,False,2165,2100,245.65332188184544,0.00022056035952833073
32,21.5,True,20.5,True,2166,2165,-0.7292393862472153,0.17322593946594106
32,21.5,True,20.5,False,2166,2101,246.94233102126293,0.00034129618493834886
32,22.5,True,21.5,True,2167,2166,-0.7325420377445369,0.1755677549990141
32,22.5,True,21.5,False,2167,2102,248.22468315605636,0.00046612371487600934
32,23.5,True,22.5,True,2168,2167,-0.7357943022748259,0.1767912191127929
32,23.5,True,22.5,False,2168,2103,249.50048037482225,0.0005949726360976856
32,24.5,True,23.5,True,2169,2168,-0.7389974481702666,0.17675217237203134
32,24.5,True,23.5,False,2169,2104,250.76982218316238,0.0007277749825340068
32,25.5,True,24.5,True,2170,2169,-0.7421526995114078,0.1752733419435538
32,25.5,True,24.5,False,2170,2105,252.03280559426594,0.0008644650296151881
32,26.5,True,25.5,True,2171,2170,-0.7452612380925245,0.17213021915808188
32,26.5,True,25.5,False,2171,2106,253.2895252154472,0.0010049791944512216
32,27.5,True,26.5,True,2172,2171,-0.7483242052814489,0.16702779122004802
32,27.5,True,26.5,False,2172,2107,254.54007333085846,0.0011492559414849445
32,28.5,True,27.5,True,2173,2172,-0.7513427037803808,0.15955945195139914
32,28.5,True,27.5,False,2173,2108,255.78453998058183,0.0012972356932651834
32,29.5,True,28.5,True,2174,2173,-0.754317799293915,0.14912744589950988
32,29.5,True,28.5,False,2174,2109,257.02301303629275,0.0014488607460140083
32,30.5,True,29.5,True,2175,2174,-0.7572505221098424,0.1347675837755453
32,30.5,True,29.5,False,2175,2110,258.25557827367425,0.0016040751896813027
32,31.5,True,30.5,True,2176,2175,-0.760141868598339,0.11467842534357295
32,31.5,True,30.5,False,2176,2111,259.48231944175126,0.0017628248322110287
32,32.5,True,31.5,True,2177,2176,-0.7629928026341162,0.08440871150195747
32,32.5,True,31.5,False,2177,2112,260.703318329304,0.0019250571277520093
33,-32.5,False,-33.5,False,2179,2178,-2.3376662018321,0.08319928550894948
33,-31.5,False,-32.5,False,2180,2179,-2.3265793327017548,-0.11318250261577469
33,-31.5,False,-32.5,True,2180,2245,-168.60223726303585,-8.772290204184078e-05
33,-30.5,False,-31.5,False,2181,2180,-2.3158658076198364,-0.1331924313704115
33,-30.5,False,-31.5,True,2181,2246,-170.50054884457222,-0.0001513040038908265
33,-29.5,False,-30.5,False,2182,2181,-2.3055051318402775,-0.14759877400357027
33,-29.5,False,-30.5,True,2182,2247,-172.37778622524712,-0.0002128219274533432
33,-28.5,False,-29.5,False,2183,2182,-2.295478351947736,-0.15816740356964515
33,-28.5,False,-29.5,True,2183,2248,-174.2346361502499,-0.0002729626751301136
33,-27.5,False,-28.5,False,2184,2183,-2.2857679099480706,-0.1658421347337758
33,-27.5,False,-28.5,True,2184,2249,-176.0717488533605,-0.00033178386959502055
33,-26.5,False,-27.5,False,2185,2184,-2.276357513893231,-0.17120726300851918
33,-26.5,False,-27.5,True,2185,2250,-177.8897407184166,-0.00038922201981279983
33,-25.5,False,-26.5,False,2186,2185,-2.2672320228718092,-0.17465967155315845
33,-25.5,False,-26.5,True,2186,2251,-179.6891966963964,-0.0004451851992526936
33,-24.5,False,-25.5,False,2187,2186,-2.2583773445163544,-0.17648690257788804
33,-24.5,False,-25.5,True,2187,2252,-181.47067250499936,-0.0004995782331040586
33,-23.5,False,-24.5,False,2188,2187,-2.2497803434498422,-0.17690745834850638
33,-23.5,False,-24.5,True,2188,2253,-183.23469663418035,-0.0005523108266737586
33,-22.5,False,-23.5,False,2189,2188,-2.2414287593162,-0.17609361089486567
33,-22.5,False,-23.5,True,2189,2254,-184.98177217816115,-0.0006033002307598034
33,-21.5,False,-22.5,False,2190,2189,-2.233311133233016,-0.17418523861615767
33,-21.5,False,-22.5,True,2190,2255,-186.71237851192518,-0.0006524718931519028
33,-20.5,False,-21.5,False,2191,2190,-2.2254167416606734,-0.17129868793612135
33,-20.5,False,-21.5,True,2191,2256,-188.42697282803363,-0.0006997593100502567
33,-19.5,False,-20.5,False,2192,2191,-2.217735536821479,-0.16753270275202914
33,-19.5,False,-20.5,True,2192,2257,-190.12599154773056,-0.0007451035570181084
33,-18.5,False,-19.5,False,2193,2192,-2.2102580929146285,-0.16297253794341143
33,-18.5,False,-19.5,True,2193,2258,-191.80985161868148,-0.0007884527045181673
33,-17.5,False,-18.5,False,2194,2193,-2.202975557472513,-0.15769290125769495
33,-17.5,False,-18.5,True,2194,2259,-193.47895171028338,-0.0008297612099422458
33,-16.5,False,-17.5,False,2195,2194,-2.19587960728785,-0.15176011280601326
33,-16.5,False,-17.5,True,2195,2260,-195.13367331625852,-0.0008689893278792281
33,-15.5,False,-16.5,False,2196,2195,-2.188962408411868,-0.14523372654390448
33,-15.5,False,-16.5,True,2196,2261,-196.77438177317305,-0.0009061025568885094
33,-14.5,False,-15.5,False,2197,2196,-2.1822165797869104,-0.13816777232479593
33,-14.5,False,-15.5,True,2197,2262,-198.4014272025866,-0.000941071129674855
33,-13.5,False,-14.5,False,2198,2197,-2.1756351601294597,-0.1306117244453053
33,-13.5,False,-14.5,True,2198,2263,-200.01514538371777,-0.000973869547942748
33,-12.5,False,-13.5,False,2199,2198,-2.1692115777259033,-0.12261126923631493
33,-12.5,False,-13.5,True,2199,2264,-201.61585856278788,-0.0010044761604750976
33,-11.5,False,-12.5,False,2200,2199,-2.162939622842174,-0.11420892252902767
33,-11.5,False,-12.5,True,2200,2265,-203.20387620457075,-0.0010328727817050685
33,-10.5,False,-11.5,False,2201,2200,-2.156813422485669,-0.10544453333285649
33,-10.5,False,-11.5,True,2201,2266,-204.77949569111337,-0.0010590443475512073
33,-9.5,False,-10.5,False,2202,2201,-2.1508274172841766,-0.0963557001845042
33,-9.5,False,-10.5,True,2202,2267,-206.343002972098,-0.0010829786051730424
33,-8.5,False,-9.5,False,2203,2202,-2.1449763402766564,-0.08697811976593166
33,-8.5,False,-9.5,True,2203,2268,-207.89467317087363,-0.001104665833412976
33,-7.5,False,-8.5,False,2204,2203,-2.139255197430714,-0.07734588254129951
33,-7.5,False,-8.5,True,2204,2269,-209.43477114979578,-0.0011240985908839323
33,-6.5,False,-7.5,False,2205,2204,-2.1336592497240616,-0.06749172668739409
33,-6.5,False,-7.5,True,2205,2270,-210.96355203816535,-0.0011412714889085115
33,-5.5,False,-6.5,False,2206,2205,-2.1281839966423206,-0.05744725906863374
33,-5.5,False,-6.5,True,2206,2271,-212.4812617257465,-0.0011561809867655644
33,-4.5,False,-5.5,False,2207,2206,-2.122825160964453,-0.04724315015694111
33,-4.5,False,-5.5,True,2207,2272,-213.98813732456804,-0.001168825206949499
33,-3.5,False,-4.5,False,2208,2207,-2.1175786747172793,-0.03690930842945051
33,-3.5,False,-4.5,True,2208,2273,-215.48440760146457,-0.0011792037683773153
33,-2.5,False,-3.5,False,2209,2208,-2.112440666195056,-0.02647503876362332
33,-2.5,False,-3.5,True,2209,2274,-216.9702933835917,-0.0011873176356930121
33,-1.5,False,-2.5,False,2210,2209,-2.107407447950024,-0.015969188600202817
33,-1.5,False,-2.5,True,2210,2275,-218.44600793895154,-0.0011931689830121175
33,-0.5,False,-1.5,False,2211,2210,-2.102475505668963,-0.005420285097245244
33,-0.5,False,-1.5,True,2211,2276,-219.91175733378532,-0.0011967610706237317
33,0.5,False,-0.5,False,2212,2211,-2.0976414878596046,0.005143333889888481
33,0.5,False,-0.5,True,2212,2277,-221.36774076852868,-0.0011980981333208868
33,1.5,False,0.5,False,2213,2212,-2.092902196278132,0.015693392426516822
33,1.5,False,0.5,True,2213,2278,-222.81415089388116,-0.0011971852791698677
33,2.5,False,1.5,False,2214,2213,-2.0882545770358405,0.026201550286615808
33,2.5,False,1.5,True,2214,2279,-224.25117410840994,-0.0011940283976483842
33,3.5,False,2.5,False,2215,2214,-2.0836957123285202,0.03663927553072025
33,3.5,False,2.5,True,2215,2280,-225.67899083898908,-0.0011886340761898268
33,4.5,False,3.5,False,2216,2215,-2.079222812737328,0.04697771344476988
33,4.5,False,3.5,True,2216,2281,-227.09777580526972,-0.0011810095242633007
33,5.5,False,4.5,False,2217,2216,-2.074833210056184,0.05718754926178506
33,5.5,False,4.5,True,2217,2282,-228.50769826927802,-0.0011711625041968474
33,6.5,False,5.5,False,2218,2217,-2.0705243506022555,0.06723886182831429
33,6.5,False,5.5,True,2218,2283,-229.90892227115123,-0.0011591012680204542
33,7.5,False,6.5,False,2219,2218,-2.066293788972601,0.07710096498793648
33,7.5,False,6.5,True,2219,2284,-231.30160685194085,-0.0011448344996553559
33,8.5,False,7.5,False,2220,2219,-2.0621391822115953,0.08674223290540245
33,8.5,False,7.5,True,2220,2285,-232.68590626433985,-0.0011283712618201098
33,9.5,False,8.5,False,2221,2220,-2.0580582843581396,0.09612990480405162
33,9.5,False,8.5,True,2221,2286,-234.06197017212435,-0.0011097209470473932
33,10.5,False,9.5,False,2222,2221,-2.0540489413430123,0.10522986357348552
33,10.5,False,9.5,True,2222,2287,-235.42994383904028,-0.0010888932322138099
33,11.5,False,10.5,False,2223,2222,-2.0501090862109663,0.11400638133437581
33,11.5,False,10.5,True,2223,2288,-236.78996830780906,-0.001065898035973811
33,12.5,False,11.5,False,2224,2223,-2.0462367346425765,0.12242182319284234
33,12.5,False,11.5,True,2224,2289,-238.14218056987738,-0.001040745478443245
33,13.5,False,12.5,False,2225,2224,-2.042429980754747,0.13043629788874278
33,13.5,False,12.5,True,2225,2290,-239.4867137264895,-0.0010134458423986749
33,14.5,False,13.5,False,2226,2225,-2.0386869931585068,0.13800724056041336
33,14.5,False,13.5,True,2226,2291,-240.82369714161752,-0.0009840095351200488
33,15.5,False,14.5,False,2227,2226,-2.0350060112572237,0.14508890799239088
33,15.5,False,14.5,True,2227,2292,-242.15325658724805,-0.0009524470497734167
33,16.5,False,15.5,False,2228,2227,-2.031385341766054,0.15163175983951113
33,16.5,False,15.5,True,2228,2293,-243.4755143814861,-0.0009187689248769078
33,17.5,False,16.5,False,2229,2228,-2.027823355439267,0.15758168942719802
33,17.5,False,16.5,True,2229,2294,-244.79058951990618,-0.0008829856998151881
33,18.5,False,17.5,False,2230,2229,-2.0243184839896458,0.16287905321254226
33,18.5,False,17.5,True,2230,2295,-246.0985978005499,-0.0008451078634495592
33,19.5,False,18.5,False,2231,2230,-2.0208692171865437,0.16745742623265253
33,19.5,False,18.5,True,2231,2296,-247.39965194294086,-0.0008051457913604994
33,20.5,False,19.5,False,2232,2231,-2.0174741001220866,0.17124197745188585
33,20.5,False,19.5,True,2232,2297,-248.69386170146427,-0.0007631096647284497
33,21.5,False,20.5,False,2233,2232,-2.0141317306322435,0.1741473061741743
33,21.5,False,20.5,True,2233,2298,-249.98133397343338,-0.0007190093594858503
33,22.5,False,21.5,False,2234,2233,-2.0108407568635585,0.17607449477859205
33,22.5,False,21.5,True,2234,2299,-251.262172902144,-0.0006728542865541394
33,23.5,False,22.5,False,2235,2234,-2.0075998749757673,0.17690698797837612
33,23.5,False,22.5,True,2235,2300,-252.5364799751981,-0.0006246531494163463
33,24.5,False,23.5,False,2236,2235,-2.004407826971544,0.1765046533778702
33,24.5,False,23.5,True,2236,2301,-253.8043541183602,-0.0005744135568411292
33,25.5,False,24.5,False,2237,2236,-2.001263398644255,0.17469490553707384
33,25.5,False,24.5,True,2237,2302,-255.06589178519076,-0.0005221413698377599
33,26.5,False,25.5,False,2238,2237,-1.9981654176378356,0.17125884809762737
33,26.5,False,25.5,True,2238,2303,-256.3211870426876,-0.00046783953217857096
33,27.5,False,26.5,False,2239,2238,-1.995112751609895,0.16590843069275454
33,27.5,False,26.5,True,2239,2304,-257.5703316531501,-0.00041150582274998766
33,28.5,False,27.5,False,2240,2239,-1.9921043064931325,0.15824609186921665
33,28.5,False,27.5,True,2240,2305,-258.813415152468,-0.0003531281415705649
33,29.5,False,28.5,False,2241,2240,-1.9891390248472476,0.14768658451524566
33,29.5,False,28.5,True,2241,2306,-260.0505249250231,-0.00029267343342931015
33,30.5,False,29.5,False,2242,2241,-1.9862158842978204,0.1332846532160364
33,30.5,False,29.5,True,2242,2307,-261.28174627538294,-0.00023005722724291007
33,31.5,False,30.5,False,2243,2242,-1.983333896055143,0.11327194497326264
33,31.5,False,30.5,True,2243,2308,-262.50716249695074,-0.00016503729726392345
33,32.5,False,31.5,False,2244,2243,-1.9804921035087943,0.08327323461454306
33,32.5,False,31.5,True,2244,2309,-263.7268549377294,-9.664306484005089e-05
33,-32.5,True,-33.5,False,2245,2178,163.937991728502,-0.003032464512709966
33,-31.5,True,-32.5,True,2246,2245,-0.4175542260834675,-0.0833014341719861
33,-31.5,True,-32.5,False,2246,2179,165.85810370425062,0.0026946830493777252
33,-30.5,True,-31.5,True,2247,2246,-0.42826775116537874,-0.11330469047181883
33,-30.5,True,-31.5,False,2247,2180,167.756415285787,0.0023768152887094717
33,-29.5,True,-30.5,True,2248,2247,-0.43862842694494475,-0.13331693827701863
33,-29.5,True,-30.5,False,2248,2181,169.6336526664619,0.0020778098392014934
33,-28.5,True,-29.5,True,2249,2248,-0.4486552068374863,-0.1477158141809217
33,-28.5,True,-29.5,False,2249,2182,171.4905025914647,0.0017966982061575557
33,-27.5,True,-28.5,True,2250,2249,-0.4583656488371446,-0.15827078328341834
33,-27.5,True,-28.5,False,2250,2183,173.32761529457528,0.0015325865252548284
33,-26.5,True,-27.5,True,2251,2250,-0.4677760448919912,-0.16592775149360656
33,-26.5,True,-27.5,False,2251,2184,175.14560715963137,0.0012846482795912193
33,-25.5,True,-26.5,True,2252,2251,-0.476901535913413,-0.17127239103435318
33,-25.5,True,-26.5,False,2252,2185,176.94506313761119,0.0010521178653191143
33,-24.5,True,-25.5,True,2253,2252,-0.4857562142688465,-0.17470255830329687
33,-24.5,True,-25.5,False,2253,2186,178.72653894621413,0.0008342848918036417
33,-23.5,True,-24.5,True,2254,2253,-0.49435321533538,-0.1765065151916372
33,-23.5,True,-24.5,False,2254,2187,180.49056307539513,0.0006304891195287828
33,-22.5,True,-23.5,True,2255,2254,-0.5027047994690008,-0.1769033122474701
33,-22.5,True,-23.5,False,2255,2188,182.23763861937596,0.0004401159533407959
33,-21.5,True,-22.5,True,2256,2255,-0.5108224255522202,-0.176065647693822
33,-21.5,True,-22.5,False,2256,2189,183.96824495313993,0.00026259242064127357
33,-20.5,True,-21.5,True,2257,2256,-0.5187168171245276,-0.17413373569756538
33,-20.5,True,-21.5,False,2257,2190,185.68283926924843,9.738357419945476e-05
33,-19.5,True,-20.5,True,2258,2257,-0.5263980219637432,-0.171224189442278
33,-19.5,True,-20.5,False,2258,2191,187.38185798894534,-5.601073226621282e-05
33,-18.5,True,-19.5,True,2259,2258,-0.5338754658705938,-0.16743596567074684
33,-18.5,True,-19.5,False,2259,2192,189.06571805989626,-0.00019805874043978282
33,-17.5,True,-18.5,True,2260,2259,-0.5411580013127093,-0.16285448918674997
33,-17.5,True,-18.5,False,2260,2193,190.73481815149816,-0.0003291993943371046
33,-16.5,True,-17.5,True,2261,2260,-0.5482539514973439,-0.15755460296538076
33,-16.5,True,-17.5,False,2261,2194,192.38953975747333,-0.000449844691312382
33,-15.5,True,-16.5,True,2262,2261,-0.5551711503733543,-0.151602733940428
33,-15.5,True,-16.5,False,2262,2195,194.03024821438783,-0.0005603818062569501
33,-14.5,True,-15.5,True,2263,2262,-0.5619169789983118,-0.14505851938781059
33,-14.5,True,-15.5,False,2263,2196,195.65729364380138,-0.0006611750143566424
33,-13.5,True,-14.5,True,2264,2263,-0.5684983986557626,-0.1379760528594898
33,-13.5,True,-14.5,False,2264,2197,197.27101182493254,-0.0007525674345678656
33,-12.5,True,-13.5,True,2265,2264,-0.5749219810593189,-0.13040485584079675
33,-12.5,True,-13.5,False,2265,2198,198.87172500400266,-0.0008348826132066375
33,-11.5,True,-12.5,True,2266,2265,-0.5811939359430482,-0.1223906478654022
33,-11.5,True,-12.5,False,2266,2199,200.45974264578552,-0.0009084259646764318
33,-10.5,True,-11.5,True,2267,2266,-0.587320136299553,-0.11397596604790727
33,-10.5,True,-11.5,False,2267,2200,202.03536213232815,-0.0009734860842985119
33,-9.5,True,-10.5,True,2268,2267,-0.5933061415010172,-0.1052006704675818
33,-9.5,True,-10.5,False,2268,2201,203.5988694133128,-0.0010303359464410452
33,-8.5,True,-9.5,True,2269,2268,-0.5991572185085658,-0.09610236193526508
33,-8.5,True,-9.5,False,2269,2202,205.1505396120884,-0.0010792339995911336
33,-7.5,True,-8.5,True,2270,2269,-0.6048783613545083,-0.08671673179655039
33,-7.5,True,-8.5,False,2270,2203,206.69063759101056,-0.001120425168681195
33,-6.5,True,-7.5,True,2271,2270,-0.6104743090611606,-0.07707785856416266
33,-6.5,True,-7.5,False,2271,2204,208.21941847938012,-0.001154141773804578
33,-5.5,True,-6.5,True,2272,2271,-0.6159495621429016,-0.06721846268750778
33,-5.5,True,-6.5,False,2272,2205,209.73712816696127,-0.0011806043734394216
33,-4.5,True,-5.5,True,2273,2272,-0.6213083978207692,-0.05717012823690657
33,-4.5,True,-5.5,False,2273,2206,211.24400376578282,-0.0012000225394001502
33,-3.5,True,-4.5,True,2274,2273,-0.6265548840679145,-0.04696349842383044
33,-3.5,True,-4.5,False,2274,2207,212.74027404267935,-0.001212595569956907
33,-2.5,True,-3.5,True,2275,2274,-0.6316928925901664,-0.0366284505069642
33,-2.5,True,-3.5,False,2275,2208,214.22615982480647,-0.001218513146869175
33,-1.5,True,-2.5,True,2276,2275,-0.6367261108351983,-0.026194254617260535
33,-1.5,True,-2.5,False,2276,2209,215.70187438016632,-0.0012179559414752935
33,-0.5,True,-1.5,True,2277,2276,-0.6416580531162595,-0.015689720283412808
33,-0.5,True,-1.5,False,2277,2210,217.1676237750001,-0.0012110961744443512
33,0.5,True,-0.5,True,2278,2277,-0.6464920709256177,-0.00514333388988822
33,0.5,True,-0.5,False,2278,2211,218.62360720974345,-0.001198098133320873
33,1.5,True,0.5,True,2279,2278,-0.6512313625070902,0.005416610090384756
33,1.5,True,0.5,False,2279,2212,220.07001733509594,-0.001179118651577618
33,2.5,True,1.5,True,2280,2279,-0.6558789817493533,0.01596188150682423
33,2.5,True,1.5,False,2280,2213,221.50704054962472,-0.001154307552516576
33,3.5,True,2.5,True,2281,2280,-0.660437846456702,0.026464188152907107
33,3.5,True,2.5,False,2281,2214,222.93485728020386,-0.0011238080610308846
33,4.5,True,3.5,True,2282,2281,-0.6649107460478945,0.036895048215149294
33,4.5,True,3.5,False,2282,2215,224.3536422464845,-0.0010877571859453216
33,5.5,True,4.5,True,2283,2282,-0.6693003487290383,0.04722565911772182
33,5.5,True,4.5,False,2283,2216,225.7635647104928,-0.0010462860753913793
33,6.5,True,5.5,True,2284,2283,-0.6736092081829668,0.05742676018277353
33,6.5,True,5.5,False,2284,2217,227.164788712366,-0.000999520347440766
33,7.5,True,6.5,True,2285,2284,-0.6778397698126213,0.06746848626740631
33,7.5,True,6.5,False,2285,2218,228.55747329315562,-0.0009475803980108167
33,8.5,True,7.5,True,2286,2285,-0.6819943765736127,0.07732020914939199
33,8.5,True,7.5,False,2286,2219,229.94177270555463,-0.000890581687868794
33,9.5,True,8.5,True,2287,2286,-0.6860752744270826,0.08695036288587933
33,9.5,True,8.5,False,2287,2220,231.31783661333913,-0.0008286350103968479
33,10.5,True,9.5,True,2288,2287,-0.6900846174421957,0.09632624861933213
33,10.5,True,9.5,False,2288,2221,232.68581028025508,-0.000761846741624814
33,11.5,True,10.5,True,2289,2288,-0.6940244725742559,0.1054138132903747
33,11.5,True,10.5,False,2289,2222,234.04583474902384,-0.0006903190739081899
33,12.5,True,11.5,True,2290,2289,-0.6978968241426173,0.11417739534842197
33,12.5,True,11.5,False,2290,2223,235.3980470110922,-0.000614150234501947
33,13.5,True,12.5,True,2291,2290,-0.7017035780305036,0.12257942869816696
33,13.5,True,12.5,False,2291,2224,236.74258016770426,-0.0005334346901760525
33,14.5,True,13.5,True,2292,2291,-0.7054465656266871,0.13058009359399014
33,14.5,True,13.5,False,2292,2225,238.07956358283232,-0.00044826333891574775
33,15.5,True,14.5,True,2293,2292,-0.7091275475280128,0.13813689971531398
33,15.5,True,14.5,False,2293,2226,239.40912302846283,-0.00035872368966350656
33,16.5,True,15.5,True,2294,2293,-0.7127482170191684,0.1452041818036357
33,16.5,True,15.5,False,2294,2227,240.73138082270088,-0.0002649000309768438
33,17.5,True,16.5,True,2295,2294,-0.7163102033459268,0.1517324813739633
33,17.5,True,16.5,False,2295,2228,242.046455961121,-0.0001668735894034273
33,18.5,True,17.5,True,2296,2295,-0.7198150747955907,0.15766777812702623
33,18.5,True,17.5,False,2296,2229,243.35446424176467,-6.47226783109904e-05
33,19.5,True,18.5,True,2297,2296,-0.7232643415986786,0.16295052018382636
33,19.5,True,18.5,False,2297,2230,244.65551838415564,4.147716215532946e-05
33,20.5,True,19.5,True,2298,2297,-0.7266594586631214,0.16751438052132298
33,20.5,True,19.5,False,2298,2231,245.94972814267908,0.00015165303336471753
33,21.5,True,20.5,True,2299,2298,-0.7300018281529645,0.17128463359637625
33,21.5,True,20.5,False,2299,2232,247.23720041464819,0.00026573455417173725
33,22.5,True,21.5,True,2300,2299,-0.7332928019216638,0.17417599343578022
33,22.5,True,21.5,False,2300,2233,248.51803934335877,0.00038365374404057955
33,23.5,True,22.5,True,2301,2300,-0.7365336838094407,0.17608966862005235
33,23.5,True,22.5,False,2301,2234,249.7923464164129,0.0005053449128368699
33,24.5,True,23.5,True,2302,2301,-0.7397257318136923,0.1769092446270997
33,24.5,True,23.5,False,2302,2235,251.06022055957496,0.0006307445568401487
33,25.5,True,24.5,True,2303,2302,-0.7428701601409671,0.17649474874332297
33,25.5,True,24.5,False,2303,2236,252.32175822640554,0.000759791260565198
33,26.5,True,25.5,True,2304,2303,-0.7459681411473866,0.1746737804896117
33,26.5,True,25.5,False,2304,2237,253.5770534839024,0.0008924256040085423
33,27.5,True,26.5,True,2305,2304,-0.7490208071752988,0.1712276634427345
33,27.5,True,26.5,False,2305,2238,254.82619809436494,0.0010285900749689623
33,28.5,True,27.5,True,2306,2305,-0.7520292522920897,0.1658686177245936
33,28.5,True,27.5,False,2306,2239,256.0692815936827,0.0011682289861135837
33,29.5,True,28.5,True,2307,2306,-0.7549945339379747,0.15819942971890116
33,29.5,True,28.5,False,2307,2240,257.3063913662379,0.0013112883964909912
33,30.5,True,29.5,True,2308,2307,-0.7579176744874019,0.14763532795548676
33,30.5,True,29.5,False,2308,2241,258.5376127165978,0.0014577160372039007
33,31.5,True,30.5,True,2309,2308,-0.7607996627300793,0.13323176841173476
33,31.5,True,30.5,False,2309,2242,259.76302893816546,0.0016074612409880755
33,32.5,True,31.5,True,2310,2309,-0.7636414552764279,0.11322162616163896
33,32.5,True,31.5,False,2310,2243,260.98272137894423,0.0017604748754529915
33,33.5,True,32.5,True,2311,2310,-0.7664439778915408,0.08323246467429297
33,33.5,True,32.5,False,2311,2244,262.1967695045615,0.0019167092797587168
34,-33.5,False,-34.5,False,2313,2312,-2.346396736608419,0.08206892231254403
34,-32.5,False,-33.5,False,2314,2313,-2.335009947199673,-0.11177607945811052
34,-32.5,False,-33.5,True,2314,2381,-167.1381289470864,-8.408954724646247e-05
34,-31.5,False,-32.5,False,2315,2314,-2.3240132900796766,-0.13170100077187089
34,-31.5,False,-32.5,True,2315,2382,-169.05301862558053,-0.00014524915081104875
34,-30.5,False,-31.5,False,2316,2315,-2.313384983632325,-0.14613846030910427
34,-30.5,False,-31.5,True,2316,2383,-170.9462833405073,-0.0002045871379837747
34,-29.5,False,-30.5,False,2317,2316,-2.3031049116856224,-0.1568218187187705
34,-29.5,False,-30.5,True,2317,2384,-172.81863967704004,-0.00026274474834005337
34,-28.5,False,-29.5,False,2318,2317,-2.293154463277972,-0.16467633488020705
34,-28.5,False,-29.5,True,2318,2385,-174.67076549321843,-0.00031976401798743993
34,-27.5,False,-28.5,False,2319,2318,-2.283516390873025,-0.17027407688768345
34,-27.5,False,-28.5,True,2319,2386,-176.5033027885842,-0.00037557272558359176
34,-26.5,False,-27.5,False,2320,2319,-2.274174684564443,-0.1740031084229219
34,-26.5,False,-27.5,True,2320,2387,-178.31686030523647,-0.0004300728211657929
34,-25.5,False,-26.5,False,2321,2320,-2.2651144601817492,-0.17614419964668848
34,-25.5,False,-26.5,True,2321,2388,-180.11201589119742,-0.0004831643347561087
34,-24.5,False,-25.5,False,2322,2321,-2.256321859517648,-0.17691040781767417
34,-24.5,False,-25.5,True,2322,2389,-181.88931865211163,-0.0005347529959686356
34,-23.5,False,-24.5,False,2323,2322,-2.247783961155207,-0.17646946910867273
34,-23.5,False,-24.5,True,2323,2390,-183.64929091399927,-0.0005847526509549499
34,-22.5,False,-23.5,False,2324,2323,-2.2394887005883177,-0.1749573755069265
34,-22.5,False,-23.5,True,2324,2391,-185.39243001695755,-0.0006330857719853183
34,-21.5,False,-22.5,False,2325,2324,-2.2314247985132667,-0.17248706608065134
34,-21.5,False,-22.5,True,2325,2392,-187.11920995727394,-0.0006796832176433706
34,-20.5,False,-21.5,False,2326,2325,-2.2235816963201955,-0.16915423959547435
34,-20.5,False,-21.5,True,2326,2393,-188.83008289332216,-0.0007244836999134857
34,-19.5,False,-20.5,False,2327,2326,-2.2159494979468235,-0.16504138489546452
34,-19.5,False,-20.5,True,2327,2394,-190.525480528804,-0.0007674331522615635
34,-18.5,False,-19.5,False,2328,2327,-2.2085189173646995,-0.16022066172870716
34,-18.5,False,-19.5,True,2328,2395,-192.20581538533028,-0.000808484084928193
34,-17.5,False,-18.5,False,2329,2328,-2.2012812310650247,-0.15475601411124024
34,-17.5,False,-18.5,True,2329,2396,-193.87148197497478,-0.0008475949659437138
34,-16.5,False,-17.5,False,2330,2329,-2.1942282349908027,-0.14870475605089192
34,-16.5,False,-17.5,True,2330,2397,-195.52285788224538,-0.0008847296441529768
34,-15.5,False,-16.5,False,2331,2330,-2.1873522054318926,-0.14211878521563745
34,-15.5,False,-16.5,True,2331,2398,-197.16030476388286,-0.0009198568198393704
34,-14.5,False,-15.5,False,2332,2331,-2.180645863458807,-0.13504552842427425
34,-14.5,False,-15.5,True,2332,2399,-198.78416927398834,-0.0009529495633247813
34,-13.5,False,-14.5,False,2333,2332,-2.1741023425235255,-0.12752869008754153
34,-13.5,False,-14.5,True,2333,2400,-200.39478392118548,-0.0009839848794336442
34,-12.5,False,-13.5,False,2334,2333,-2.167715158898588,-0.11960885340692957
34,-12.5,False,-13.5,True,2334,2401,-201.99246786382236,-0.0010129433145985923
34,-11.5,False,-12.5,False,2335,2334,-2.1614781846657394,-0.1113239699167874
34,-11.5,False,-12.5,True,2335,2402,-203.57752764860146,-0.0010398086029946502
34,-10.5,False,-11.5,False,2336,2335,-2.1553856229982244,-0.10270976326237335
34,-10.5,False,-11.5,True,2336,2403,-205.15025789748023,-0.0010645673480626694
34,-9.5,False,-10.5,False,2337,2336,-2.1494319855096222,-0.09380006637203066
34,-9.5,False,-10.5,True,2337,2404,-206.71094194720285,-0.0010872087359436238
34,-8.5,False,-9.5,False,2338,2337,-2.143612071468766,-0.0846271064221013
34,-8.5,False,-9.5,True,2338,2405,-208.25985244539604,-0.001107724277591181
34,-7.5,False,-8.5,False,2339,2338,-2.137920948700895,-0.07522174857809265
34,-7.5,False,-8.5,True,2339,2406,-209.79725190678047,-0.0011261075766055883
34,-6.5,False,-7.5,False,2340,2339,-2.1323539360167842,-0.06561370701263985
34,-6.5,False,-7.5,True,2340,2407,-211.32339323271293,-0.0011423541201165998
34,-5.5,False,-6.5,False,2341,2340,-2.126906587026113,-0.05583172987528652
34,-5.5,False,-6.5,True,2341,2408,-212.8385201969706,-0.0011564610903070918
34,-4.5,False,-5.5,False,2342,2341,-2.1215746752095157,-0.04590376353495543
34,-4.5,False,-5.5,True,2342,2409,-214.34286790042103,-0.0011684271944263813
34,-3.5,False,-4.5,False,2343,2342,-2.1163541801338397,-0.03585710040553481
34,-3.5,False,-4.5,True,2343,2410,-215.83666319697915,-0.0011782525113631962
34,-2.5,False,-3.5,False,2344,2343,-2.1112412747095703,-0.025718513909435765
34,-2.5,False,-3.5,True,2344,2411,-217.32012509303735,-0.0011859383530612396
34,-1.5,False,-2.5,False,2345,2344,-2.106232313397996,-0.015514383571165783
34,-1.5,False,-2.5,True,2345,2412,-218.7934651223597,-0.0011914871392410108
34,-0.5,False,-1.5,False,2346,2345,-2.10132382128603,-0.00527081281921991
34,-0.5,False,-1.5,True,2346,2413,-220.2568876982585,-0.0011949022840576726
34,0.5,False,-0.5,False,2347,2346,-2.096512483953674,0.004986258220583351
34,0.5,False,-0.5,True,2347,2414,-221.71059044471298,-0.001196188093470071
34,1.5,False,0.5,False,2348,2347,-2.0917951380674964,0.015230942854669648
34,1.5,False,0.5,True,2348,2415,-223.15476450794893,-0.001195349672225161
34,2.5,False,1.5,False,2349,2348,-2.0871687626394646,0.02543729890181527
34,2.5,False,1.5,True,2349,2416,-224.58959484987068,-0.001192392839475153
34,3.5,False,2.5,False,2350,2349,-2.082630470895765,0.035579218788099616
34,3.5,False,2.5,True,2350,2417,-226.01526052462071,-0.0011873240521450158
34,4.5,False,3.5,False,2351,2350,-2.078177502706197,0.04563031668351016
34,4.5,False,3.5,True,2351,2418,-227.43193493943744,-0.0011801503352531716
34,5.5,False,4.5,False,2352,2351,-2.0738072175294917,0.05556381059285758
34,5.5,False,4.5,True,2352,2419,-228.83978610088792,-0.0011708792184644255
34,6.5,False,5.5,False,2353,2352,-2.0695170878325087,0.06535239711524723
34,6.5,False,5.5,True,2353,2420,-230.2389768474647,-0.0011595186782171602
34,7.5,False,6.5,False,2354,2353,-2.065304692947066,0.07496811629011675
34,7.5,False,6.5,True,2354,2421,-231.62966506945907,-0.0011460770848183241
34,8.5,False,7.5,False,2355,2354,-2.0611677133298656,0.08438220353289447
34,8.5,False,7.5,True,2355,2422,-233.01200391695076,-0.0011305631539440912
34,9.5,False,8.5,False,2356,2355,-2.057103925195122,0.09356492509904643
34,9.5,False,8.5,True,2356,2423,-234.38614199669055,-0.0011129859020105196
34,10.5,False,9.5,False,2357,2356,-2.053111195490686,0.10248539275794925
34,10.5,False,9.5,True,2357,2424,-235.75222355859114,-0.0010933546048980287
34,11.5,False,10.5,False,2358,2357,-2.0491874771934704,0.11111135234533535
34,11.5,False,10.5,True,2358,2425,-237.11038867249005,-0.0010716787595123703
34,12.5,False,11.5,False,2359,2358,-2.0453308048990095,0.11940893950612422
34,12.5,False,11.5,True,2359,2426,-238.46077339579733,-0.0010479680476463188
34,13.5,False,12.5,False,2360,2359,-2.0415392906842555,0.1273423941102944
34,13.5,False,12.5,True,2360,2427,-239.80350993259538,-0.0010222323015593013
34,14.5,False,13.5,False,2361,2360,-2.0378111202242906,0.13487372233676992
34,14.5,False,13.5,True,2361,2428,-241.1387267847187,-0.000994481470608081
34,15.5,False,14.5,False,2362,2361,-2.0341445491440027,0.14196229199889976
34,15.5,False,14.5,True,2362,2429,-242.4665488953018,-0.0009647255881215192
34,16.5,False,15.5,False,2363,2362,-2.030537899588154,0.14856434191707177
34,16.5,False,15.5,True,2363,2430,-243.7870977852487,-0.0009329747374896718
34,17.5,False,16.5,False,2364,2363,-2.026989556995403,0.154632379397905
34,17.5,False,16.5,True,2364,2431,-245.10049168304707,-0.0008992390160855554
34,18.5,False,17.5,False,2365,2364,-2.023497967061104,0.16011443017022128
34,18.5,False,17.5,True,2365,2432,-246.40684564831838,-0.00086352849507852
34,19.5,False,18.5,False,2366,2365,-2.020061632876036,0.16495309088317112
34,19.5,False,18.5,True,2366,2433,-247.70627168947027,-0.0008258531723065468
34,20.5,False,19.5,False,2367,2366,-2.016679112230463,0.16908431291715503
34,20.5,False,19.5,True,2367,2434,-248.99887887579158,-0.0007862229139050162
34,21.5,False,20.5,False,2368,2367,-2.013349015070304,0.17243581345795678
34,21.5,False,20.5,True,2368,2435,-250.28477344430712,-0.0007446473779418665
34,22.5,False,21.5,False,2369,2368,-2.010070001097006,0.1749249579999685
34,22.5,False,21.5,True,2369,2436,-251.56405890168924,-0.0007011359090664435
34,23.5,False,22.5,False,2370,2369,-2.0068407775008836,0.17645587408422853
34,23.5,False,22.5,True,2370,2437,-252.8368361215019,-0.0006556973856066175
34,24.5,False,23.5,False,2371,2370,-2.0036600968194875,0.17691541360202576
34,24.5,False,23.5,True,2371,2438,-254.10320343703702,-0.000608339986441289
34,25.5,False,24.5,False,2372,2371,-2.00052675491267,0.17616733006096033
34,25.5,False,24.5,True,2372,2439,-255.36325672998396,-0.0005590708174323441
34,26.5,False,25.5,False,2373,2372,-1.9974395890473886,0.17404357284872274
34,26.5,False,25.5,True,2373,2440,-256.6170895151588,-0.0005078952803089522
34,27.5,False,26.5,False,2374,2373,-1.9943974760845435,0.17033068876135282
34,27.5,False,26.5,True,2374,2441,-257.86479302150553,-0.000454815941228424
34,28.5,False,27.5,False,2375,2374,-1.9913993307622775,0.16474739629681137
34,28.5,False,27.5,True,2375,2442,-259.10645626956716,-0.00039983035493976253
34,29.5,False,28.5,False,2376,2375,-1.9884441040695435,0.15690494804958743
34,29.5,False,28.5,True,2376,2443,-260.34216614561376,-0.0003429265000106469
34,30.5,False,29.5,False,2377,2376,-1.9855307817033179,0.14623031485821103
34,30.5,False,29.5,True,2377,2444,-261.5720074726014,-0.00028407205148795275
34,31.5,False,30.5,False,2378,2377,-1.9826583826066724,0.13179677958725838
34,31.5,False,30.5,True,2378,2445,-262.79606307812617,-0.00022318487813520287
34,32.5,False,31.5,False,2379,2378,-1.9798259575801183,0.11186846522285578
34,32.5,False,31.5,True,2379,2446,-264.01441385952774,-0.0001600300445261013
34,33.5,False,32.5,False,2380,2379,-1.977032587964203,0.08214497700254636
34,33.5,False,32.5,True,2380,2447,-265.22713884628683,-9.366712773319148e-05
34,-33.5,True,-34.5,False,2381,2312,162.4567222632783,-0.003063576937086638
34,-32.5,True,-33.5,True,2382,2381,-0.4091236115855281,-0.08217486358319466
34,-32.5,True,-33.5,False,2382,2313,164.3939953883012,0.002729435080751737
34,-31.5,True,-32.5,True,2383,2382,-0.42012026870554564,-0.11190337645811643
34,-31.5,True,-32.5,False,2383,2314,166.3088850667953,0.0024148891103552383
34,-30.5,True,-31.5,True,2384,2383,-0.4307485751528901,-0.13183145816334765
34,-30.5,True,-31.5,False,2384,2315,168.2021497817221,0.0021188820374465527
34,-29.5,True,-30.5,True,2385,2384,-0.4410286470995999,-0.14626202072335823
34,-29.5,True,-30.5,False,2385,2316,170.07450611825482,0.0018404417003412559
34,-28.5,True,-29.5,True,2386,2385,-0.45097909550725035,-0.15693209848993392
34,-28.5,True,-29.5,False,2386,2317,171.9266319344332,0.0015786721624273606
34,-27.5,True,-28.5,True,2387,2386,-0.4606171679121758,-0.16476908451203034
34,-27.5,True,-28.5,False,2387,2318,173.759169229799,0.0013327461505272344
34,-26.5,True,-27.5,True,2388,2387,-0.46995887422079363,-0.1703464495669927
34,-26.5,True,-27.5,False,2388,2319,175.57272674645122,0.0011018983883983543
34,-25.5,True,-26.5,True,2389,2388,-0.4790190986034588,-0.17405324776343473
34,-25.5,True,-26.5,False,2389,2320,177.36788233241222,0.0008854197031808519
34,-24.5,True,-25.5,True,2390,2389,-0.4878116992675672,-0.17617098107958334
34,-24.5,True,-25.5,False,2390,2321,179.1451850933264,0.0006826518013994873
34,-23.5,True,-24.5,True,2391,2390,-0.4963495976300152,-0.1769132640778645
34,-23.5,True,-24.5,False,2391,2322,180.90515735521404,0.0004929826267096375
34,-22.5,True,-23.5,True,2392,2391,-0.5046448581968832,-0.176448266130064
34,-22.5,True,-23.5,False,2392,2323,182.64829645817235,0.0003158422245621491
34,-21.5,True,-22.5,True,2393,2392,-0.5127087602719769,-0.17491232064774792
34,-21.5,True,-22.5,False,2393,2324,184.3750763984887,0.00015069904982300508
34,-20.5,True,-21.5,True,2394,2393,-0.5205518624649983,-0.17241863819120457
34,-20.5,True,-21.5,False,2394,2325,186.08594933453696,-2.9433375131244074e-06
34,-19.5,True,-20.5,True,2395,2394,-0.5281840608383988,-0.1690631344609282
34,-19.5,True,-20.5,False,2395,2326,187.78134697001877,-0.00014554923569955666
34,-18.5,True,-19.5,True,2396,2395,-0.5356146414205227,-0.16492847186421136
34,-18.5,True,-19.5,False,2396,2327,189.46168182654506,-0.000277553464412027
34,-17.5,True,-18.5,True,2397,2396,-0.5428523277201975,-0.16008694870041468
34,-17.5,True,-18.5,False,2397,2328,191.12734841618956,-0.0003993637629341687
34,-16.5,True,-17.5,True,2398,2397,-0.5499053237944196,-0.15460261891317056
34,-16.5,True,-17.5,False,2398,2329,192.77872432346015,-0.0005113629538989829
34,-15.5,True,-16.5,True,2399,2398,-0.5567813533533297,-0.14853288278747545
34,-15.5,True,-16.5,False,2399,2330,194.41617120509764,-0.0006139108991485444
34,-14.5,True,-15.5,True,2400,2399,-0.563487695326387,-0.14192970455073098
34,-14.5,True,-15.5,False,2400,2331,196.04003571520315,-0.0007073462708702105
34,-13.5,True,-14.5,True,2401,2400,-0.5700312162616967,-0.13484056101475264
34,-13.5,True,-14.5,False,2401,2332,197.65065036240026,-0.0007919881582475154
34,-12.5,True,-13.5,True,2402,2401,-0.5764183998866343,-0.12730919257080542
34,-12.5,True,-13.5,False,2402,2333,199.24833430503713,-0.0008681375273539739
34,-11.5,True,-12.5,True,2403,2402,-0.5826553741194829,-0.11937620647824586
34,-11.5,True,-12.5,False,2403,2334,200.83339408981624,-0.0009360785498537904
34,-10.5,True,-11.5,True,2404,2403,-0.5887479357869978,-0.11107956813089932
34,-10.5,True,-11.5,False,2404,2335,202.406124338695,-0.00099607981420273
34,-9.5,True,-10.5,True,2405,2404,-0.5947015732755716,-0.10245500626781986
34,-9.5,True,-10.5,False,2405,2336,203.96680838841763,-0.0010483954314251577
34,-8.5,True,-9.5,True,2406,2405,-0.6005214873164562,-0.09353635134303818
34,-8.5,True,-9.5,False,2406,2337,205.5157188866108,-0.0010932660461316814
34,-7.5,True,-8.5,True,2407,2406,-0.6062126100843273,-0.08435582149649619
34,-7.5,True,-8.5,False,2407,2338,207.05311834799525,-0.0011309197622238034
34,-6.5,True,-7.5,True,2408,2407,-0.611779622768438,-0.07494426714373367
34,-6.5,True,-7.5,False,2408,2339,208.5792596739277,-0.001161572991659379
34,-5.5,True,-6.5,True,2409,2408,-0.6172269717591092,-0.0653313827117618
34,-5.5,True,-6.5,False,2409,2340,210.09438663818537,-0.0011854312337217438
34,-4.5,True,-5.5,True,2410,2409,-0.6225588835757065,-0.055545892217548035
34,-4.5,True,-5.5,False,2410,2341,211.5987343416358,-0.0012026897914187036
34,-3.5,True,-4.5,True,2411,2410,-0.6277793786513541,-0.04561571402717377
34,-3.5,True,-4.5,False,2411,2342,213.09252963819395,-0.001213534430918914
34,-2.5,True,-3.5,True,2412,2411,-0.6328922840756519,-0.03556810911996386
34,-2.5,True,-3.5,False,2412,2343,214.57599153425213,-0.0012181419893027394
34,-1.5,True,-2.5,True,2413,2412,-0.6379012453872264,-0.02542981642370129
34,-1.5,True,-2.5,False,2413,2344,216.04933156357447,-0.001216680935350668
34,-0.5,True,-1.5,True,2414,2413,-0.6428097374991921,-0.015227178222139884
34,-0.5,True,-1.5,False,2414,2345,217.5127541394733,-0.0012093118876002652
34,0.5,True,-0.5,True,2415,2414,-0.6476210748315481,-0.004986258220583337
34,0.5,True,-0.5,False,2415,2346,218.96645688592776,-0.001196188093470071
34,1.5,True,0.5,True,2416,2415,-0.6523384207177259,0.005267045441264942
34,1.5,True,0.5,False,2416,2347,220.4106309491637,-0.0011774558728648089
34,2.5,True,1.5,True,2417,2416,-0.6569647961457292,0.015506890138619034
34,2.5,True,1.5,False,2417,2348,221.84546129108548,-0.0011532550293355658
34,3.5,True,2.5,True,2418,2417,-0.6615030878894572,0.0257073796967948
34,3.5,True,2.5,False,2418,2349,223.2711269658355,-0.0011237192315663375
34,4.5,True,3.5,True,2419,2418,-0.6659560560790254,0.0358424543735003
34,4.5,True,3.5,False,2419,2350,224.68780138065222,-0.0010889763676881175
34,5.5,True,4.5,True,2420,2419,-0.6703263412557305,0.04588577791271692
34,5.5,True,4.5,False,2420,2351,226.0956525421027,-0.0010491488746830707
34,6.5,True,5.5,True,2421,2420,-0.6746164709527136,0.05581061958121631
34,6.5,True,5.5,False,2421,2352,227.49484328867948,-0.0010043540449251455
34,7.5,True,6.5,True,2422,2421,-0.678828865838156,0.06558972890100154
34,7.5,True,6.5,False,2422,2353,228.88553151067384,-0.0009547043117133488
34,8.5,True,7.5,True,2423,2422,-0.6829658454553282,0.07519520049539596
34,8.5,True,7.5,False,2423,2354,230.26787035816557,-0.0009003075154818799
34,9.5,True,8.5,True,2424,2423,-0.6870296335901145,0.08459832605222815
34,9.5,True,8.5,False,2424,2355,231.6420084379053,-0.0008412671522167988
34,10.5,True,9.5,True,2425,2424,-0.691022363294536,0.09376942984403
34,10.5,True,9.5,False,2425,2356,233.00808999980592,-0.0007776826054719391
34,11.5,True,10.5,True,2426,2425,-0.6949460815917377,0.10267768348868718
34,11.5,True,10.5,False,2426,2357,234.36625511370485,-0.0007096493632517084
34,12.5,True,11.5,True,2427,2426,-0.6988027538862127,0.11129089462230078
34,12.5,True,11.5,False,2427,2358,235.7166398370121,-0.0006372592209169931
34,13.5,True,12.5,True,2428,2427,-0.7025942681009667,0.11957526280032801
34,13.5,True,12.5,False,2428,2359,237.05937637381015,-0.0005606004711692398
34,14.5,True,13.5,True,2429,2428,-0.7063224385609033,0.127495094115477
34,14.5,True,13.5,False,2429,2360,238.3945932259335,-0.0004797580820784066
34,15.5,True,14.5,True,2430,2429,-0.7099890096412338,0.13501246353517843
34,15.5,True,14.5,False,2430,2361,239.72241533651658,-0.0003948138640350595
34,16.5,True,15.5,True,2431,2430,-0.713595659197054,0.1420868105427637
34,16.5,True,15.5,False,2431,2362,241.0429642264635,-0.00030584662643699
34,17.5,True,16.5,True,2432,2431,-0.717144001789805,0.14867444890208803
34,17.5,True,16.5,False,2432,2363,242.35635812426187,-0.00021293232484877672
34,18.5,True,17.5,True,2433,2432,-0.7206355917241325,0.15472796462429644
34,18.5,True,17.5,False,2433,2364,243.66271208953313,-0.0001161441993163171
34,19.5,True,18.5,True,2434,2433,-0.7240719259091577,0.160195466513329
34,19.5,True,18.5,False,2434,2365,244.96213813068508,-1.5552904457792725e-05
34,20.5,True,19.5,True,2435,2434,-0.7274544465547592,0.1650196394322269
34,20.5,True,19.5,False,2435,2366,246.25474531700635,8.87733680916507e-05
34,21.5,True,20.5,True,2436,2435,-0.7307845437149041,0.16913652909277718
34,21.5,True,20.5,False,2436,2367,247.5406398855219,0.00019676877435626948
34,22.5,True,21.5,True,2437,2436,-0.7340635576882164,0.17247395439381596
34,22.5,True,21.5,False,2437,2368,248.819925342904,0.00030836970932933113
34,23.5,True,22.5,True,2438,2437,-0.7372927812843528,0.17494939158478826
34,23.5,True,22.5,False,2438,2369,250.09270256271665,0.00042351470446697423
34,24.5,True,23.5,True,2439,2438,-0.7404734619657489,0.17646709022852802
34,24.5,True,23.5,False,2439,2370,251.35906987825177,0.0005421443309537773
34,25.5,True,24.5,True,2440,2439,-0.7436068038725097,0.17691403855802007
34,25.5,True,24.5,False,2440,2371,252.61912317119877,0.0006642011083569123
34,26.5,True,25.5,True,2441,2440,-0.7466939697378336,0.1761541450543086
34,26.5,True,25.5,False,2441,2372,253.8729559563736,0.0007896294183167236
34,27.5,True,26.5,True,2442,2441,-0.7497360827006787,0.17401953901425588
34,27.5,True,26.5,False,2442,2373,255.1206594627203,0.0009183754229447104
34,28.5,True,27.5,True,2443,2442,-0.7527342280229448,0.170296981694756
34,28.5,True,27.5,False,2443,2374,256.3623227107819,0.0010503869876310034
34,29.5,True,28.5,True,2444,2443,-0.7556894547156787,0.1647054560729559
34,29.5,True,28.5,False,2444,2375,257.5980325868285,0.0011856136079734633
34,30.5,True,29.5,True,2445,2444,-0.7586027770819044,0.15685655587047118
34,30.5,True,29.5,False,2445,2376,258.8278739138161,0.0013240063405803163
34,31.5,True,30.5,True,2446,2445,-0.7614751761785499,0.14617771990517103
34,31.5,True,30.5,False,2446,2377,260.0519295193409,0.0014655177374901416
34,32.5,True,31.5,True,2447,2446,-0.764307601205104,0.1317429334161156
34,32.5,True,31.5,False,2447,2378,261.27028030074246,0.001610101784000872
34,33.5,True,32.5,True,2448,2447,-0.767100970821005,0.11181753642713001
34,33.5,True,32.5,False,2448,2379,262.4830052875016,0.001757713839686311
34,34.5,True,33.5,True,2449,2448,-0.7698561743979582,0.08210390894417179
34,34.5,True,33.5,False,2449,2380,263.69018170106784,0.0019083105824179067
35,-34.5,False,-35.5,False,2451,2450,-2.35528562828317,0.08098306704560959
35,-33.5,False,-34.5,False,2452,2451,-2.3435880685578496,-0.11041929949433632
35,-33.5,False,-34.5,True,2452,2521,-165.6744848517941,-8.05866539675535e-05
35,-32.5,False,-33.5,False,2453,2452,-2.332298337893384,-0.13025449285093318
35,-32.5,False,-33.5,True,2453,2522,-167.6062376994601,-0.00013941148990832312
35,-31.5,False,-32.5,False,2454,2453,-2.321393275196641,-0.14471216979559007
35,-31.5,False,-32.5,True,2454,2523,-169.5157957537649,-0.00019664642664844284
35,-30.5,False,-31.5,False,2455,2454,-2.3108515200666133,-0.15549486937967494
35,-30.5,False,-31.5,True,2455,2524,-171.40390699024294,-0.00025288883673240704
35,-29.5,False,-30.5,False,2456,2455,-2.3006533366989714,-0.1635103104465265
35,-29.5,False,-30.5,True,2456,2525,-173.2712782882233,-0.0003081651335230427
35,-28.5,False,-29.5,False,2457,2456,-2.290780458391879,-0.16931903526052078
35,-28.5,False,-29.5,True,2457,2526,-175.11857852452894,-0.00036239417694651407
35,-27.5,False,-28.5,False,2458,2457,-2.281215949863686,-0.17330081682910015
35,-27.5,False,-28.5,True,2458,2527,-176.94644137399928,-0.000415471589888675
35,-26.5,False,-27.5,False,2459,2458,-2.271944085020749,-0.17573007654266537
35,-26.5,False,-27.5,True,2459,2528,-178.7554678500985,-0.00046729242157457447
35,-25.5,False,-26.5,False,2460,2459,-2.2629502381669937,-0.17681478074072676
35,-25.5,False,-26.5,True,2460,2529,-180.54622861450105,-0.0005177582663680162
35,-24.5,False,-25.5,False,2461,2460,-2.2542207869423763,-0.17671843613090576
35,-24.5,False,-25.5,True,2461,2530,-182.31926608082517,-0.000566779432684792
35,-23.5,False,-24.5,False,2462,2461,-2.2457430255246607,-0.17557342061361783
35,-23.5,False,-24.5,True,2462,2531,-184.075096334507,-0.0006142753086554335
35,-22.5,False,-23.5,False,2463,2462,-2.2375050868360304,-0.17348951329452633
35,-22.5,False,-23.5,True,2463,2532,-185.81421088808247,-0.0006601740284336426
35,-21.5,False,-22.5,False,2464,2463,-2.2294958726709453,-0.17055959668093615
35,-21.5,False,-22.5,True,2464,2533,-187.53707828880425,-0.0007044118727307318
35,-20.5,False,-21.5,False,2465,2464,-2.2217049908088313,-0.166863608621853
35,-20.5,False,-21.5,True,2465,2534,-189.24414559349879,-0.0007469325869517466
35,-19.5,False,-20.5,False,2466,2465,-2.2141226983020488,-0.1624713656260622
35,-19.5,False,-20.5,True,2466,2535,-190.93583972382447,-0.0007876866975268527
35,-18.5,False,-19.5,False,2467,2466,-2.206739850234058,-0.15744463288059898
35,-18.5,False,-19.5,True,2467,2536,-192.61256871357534,-0.0008266308617258652
35,-17.5,False,-18.5,False,2468,2467,-2.199547853335531,-0.15183867647648075
35,-17.5,False,-18.5,True,2468,2537,-194.27472285835972,-0.0008637272652381586
35,-16.5,False,-17.5,False,2469,2468,-2.1925386239230846,-0.14570345058346362
35,-16.5,False,-17.5,True,2469,2538,-195.9226757768331,-0.0008989430717767287
35,-15.5,False,-16.5,False,2470,2469,-2.1857045496928436,-0.13908452152223144
35,-15.5,False,-16.5,True,2470,2539,-197.55678539166385,-0.0009322499241558726
35,-14.5,False,-15.5,False,2471,2470,-2.179038454957137,-0.13202379851721388
35,-14.5,False,-15.5,True,2471,2540,-199.1773948375286,-0.0009636234940418058
35,-13.5,False,-14.5,False,2472,2471,-2.172533568965136,-0.12456011997610773
35,-13.5,False,-14.5,True,2472,2541,-200.78483330266567,-0.000993043076641454
35,-12.5,False,-13.5,False,2473,2472,-2.166183496987742,-0.11672973017817233
35,-12.5,False,-13.5,True,2473,2542,-202.37941680983332,-0.00102049122631384
35,-11.5,False,-12.5,False,2474,2473,-2.159982193886549,-0.10856667173652751
35,-11.5,False,-12.5,True,2474,2543,-203.96144894192238,-0.0010459534291432622
35,-10.5,False,-11.5,False,2475,2474,-2.1539239399194656,-0.10010311258723803
35,-10.5,False,-11.5,True,2475,2544,-205.53122151694316,-0.001069417808745058
35,-9.5,False,-10.5,False,2476,2475,-2.1480033185609244,-0.09136962158366424
35,-9.5,False,-10.5,True,2476,2545,-207.08901521663836,-0.0010908748618565025
35,-8.5,False,-9.5,False,2477,2476,-2.1422151961431695,-0.08239540341903354
35,-8.5,False,-9.5,True,2477,2546,-208.63510017255726,-0.0011103172205898435
35,-7.5,False,-8.5,False,2478,2477,-2.136554703143247,-0.07320850115836329
35,-7.5,False,-8.5,True,2478,2547,-210.16973651305844,-0.00112773943852908
35,-6.5,False,-7.5,False,2479,2478,-2.1310172169615242,-0.06383597286277562
35,-6.5,False,-7.5,True,2479,2548,-211.69317487437797,-0.0011431377981480433
35,-5.5,False,-6.5,False,2480,2479,-2.12559834605257,-0.05430404745197893
35,-5.5,False,-6.5,True,2480,2549,-213.20565687860687,-0.001156510137296119
35,-4.5,False,-5.5,False,2481,2480,-2.120293915285515,-0.04463826394845857
35,-4.5,False,-5.5,True,2481,2550,-214.70741558115972,-0.0011678556927438972
35,-3.5,False,-4.5,False,2482,2481,-2.115099952422014,-0.0348635974921487
35,-3.5,False,-4.5,True,2482,2551,-216.19867589008203,-0.0011771749589982964
35,-2.5,False,-3.5,False,2483,2482,-2.110012675612765,-0.025004574945385202
35,-2.5,False,-3.5,True,2483,2552,-217.67965495933163,-0.001184469560796805
35,-1.5,False,-2.5,False,2484,2483,-2.1050284818232683,-0.015085382481161024
35,-1.5,False,-2.5,True,2484,2553,-219.15056255798243,-0.0011897421378602793
35,-0.5,False,-1.5,False,2485,2484,-2.1001439361080685,-0.005129967232099891
35,-0.5,False,-1.5,True,2485,2554,-220.61160141712855,-0.0011929962406404093
35,0.5,False,-0.5,False,2486,2485,-2.0953557616609118,0.0048378651486689125
35,0.5,False,-0.5,True,2486,2555,-222.0629675561123,-0.0011942362359341201
35,1.5,False,0.5,False,2487,2486,-2.090660830575416,0.014794355315434018
35,1.5,False,0.5,True,2487,2556,-223.5048505895634,-0.0011934672213553786
35,2.5,False,1.5,False,2488,2487,-2.086056155257282,0.024715695834673087
35,2.5,False,1.5,True,2488,2557,-224.9374340166109,-0.0011906949477636672
35,3.5,False,2.5,False,2489,2488,-2.081538880434067,0.03457793598299878
35,3.5,False,2.5,True,2489,2558,-226.36089549351703,-0.0011859257488368961
35,4.5,False,3.5,False,2490,2489,-2.0771062757138736,0.04435688412563423
35,4.5,False,3.5,True,2490,2559,-227.77540709087975,-0.0011791664770611054
35,5.5,False,4.5,False,2491,2490,-2.0727557286498666,0.054028005974718435
35,5.5,False,4.5,True,2491,2560,-229.18113553645827,-0.0011704244454774884
35,6.5,False,5.5,False,2492,2491,-2.0684847382691913,0.06356631687406716
35,6.5,False,5.5,True,2492,2561,-230.5782424445921,-0.0011597073745872805
35,7.5,False,6.5,False,2493,2492,-2.064290909030902,0.07294626602992689
35,7.5,False,6.5,True,2493,2562,-231.96688453310696,-0.001147023343866722
35,8.5,False,7.5,False,2494,2493,-2.060171945179391,0.0821416102906526
35,8.5,False,7.5,True,2494,2563,-233.34721382853206,-0.0011323807473852462
35,9.5,False,8.5,False,2495,2494,-2.056125645463112,0.0911252746502657
35,9.5,False,8.5,True,2495,2564,-234.71937786038933,-0.0011157882530509736
35,10.5,False,9.5,False,2496,2495,-2.0521498981906916,0.09986919608046228
35,10.5,False,9.5,True,2496,2565,-236.0835198452579,-0.0010972547650303448
35,11.5,False,10.5,False,2497,2496,-2.0482426766000117,0.10834414653908857
35,11.5,False,10.5,True,2497,2566,-237.43977886126342,-0.0010767893888961953
35,12.5,False,11.5,False,2498,2497,-2.044402034516281,0.1165195299986771
35,12.5,False,11.5,True,2498,2567,-238.78829001359452,-0.0010544013990559347
35,13.5,False,12.5,False,2499,2498,-2.0406261022782815,0.12436314699853057
35,13.5,False,12.5,True,2499,2568,-240.12918459160386,-0.0010301002079838011
35,14.5,False,13.5,False,2500,2499,-2.036913082913941,0.13184091842213055
35,14.5,False,13.5,True,2500,2569,-241.46259021801086,-0.0010038953367348784
35,15.5,False,14.5,False,2501,2500,-2.03326124854658,0.1389165577550428
35,15.5,False,14.5,True,2501,2570,-242.78863099068616,-0.0009757963861301043
35,16.5,False,15.5,False,2502,2501,-2.0296689370162255,0.14555117771662304
35,16.5,False,15.5,True,2502,2571,-244.1074276174637,-0.0009458130078625856
35,17.5,False,16.5,False,2503,2502,-2.0261345487004405,0.15170281247593273
35,17.5,False,16.5,True,2503,2572,-245.41909754439519,-0.0009139548745583164
35,18.5,False,17.5,False,2504,2503,-2.0226565435213217,0.15732583003805622
35,18.5,False,17.5,True,2504,2573,-246.72375507783173,-0.0008802316474758969
35,19.5,False,18.5,False,2505,2504,-2.0192334381257524,0.16237019985364948
35,19.5,False,18.5,True,2505,2574,-248.02151150069358,-0.0008446529399898318
35,20.5,False,19.5,False,2506,2505,-2.0158638032268357,0.16678056671701474
35,20.5,False,19.5,True,2506,2575,-249.31247518326094,-0.000807228274132063
35,21.5,False,20.5,False,2507,2506,-2.0125462610967872,0.1704950610465255
35,21.5,False,20.5,True,2507,2576,-250.59675168879937,-0.0007679670260403395
35,22.5,False,21.5,False,2508,2507,-2.00927948319935,0.1734437434246241
35,22.5,False,21.5,True,2508,2577,-251.87444387431032,-0.0007268783537892708
35,23.5,False,22.5,False,2509,2508,-2.0060621879547966,0.1755465304023134
35,23.5,False,22.5,True,2509,2578,-253.1456519866792,-0.0006839710969609984
35,24.5,False,23.5,False,2510,2509,-2.002893138627428,0.1767103656826425
35,24.5,False,23.5,True,2510,2579,-254.41047375447624,-0.0006392536299770979
35,25.5,False,24.5,False,2511,2510,-1.999771141327642,0.17682526077599608
35,25.5,False,24.5,True,2511,2580,-255.66900447564606,-0.000592733637529736
35,26.5,False,25.5,False,2512,2511,-1.9966950431226849,0.1757585825541793
35,26.5,False,25.5,True,2512,2581,-256.9213371013112,-0.0005444177537549925
35,27.5,False,26.5,False,2513,2512,-1.993663730247107,0.1733465085666169
35,27.5,False,26.5,True,2513,2582,-258.1675623158958,-0.0004943109516392724
35,28.5,False,27.5,False,2514,2513,-1.9906761264089425,0.1693806743237883
35,28.5,False,27.5,True,2514,2583,-259.4077686137666,-0.0004424154473303343
35,29.5,False,28.5,False,2515,2514,-1.9877311911836841,0.16358614345221553
35,29.5,False,28.5,True,2515,2584,-260.642042372574,-0.0003887285919569312
35,30.5,False,29.5,False,2516,2515,-1.9848279184922148,0.15558245318490493
35,30.5,False,29.5,True,2516,2585,-261.8704679234647,-0.00033323844761463337
35,31.5,False,30.5,False,2517,2516,-1.9819653351565307,0.14480808989103977
35,31.5,False,30.5,True,2517,2586,-263.0931276183282,-0.0002759133894759113
35,32.5,False,31.5,False,2518,2517,-1.9791424995293028,0.13035385775723324
35,32.5,False,31.5,True,2518,2587,-264.3101018942288,-0.0002166735074510378
35,33.5,False,32.5,False,2519,2518,-1.97635850019239,0.11051466300227791
35,33.5,False,32.5,True,2519,2588,-265.5214693351653,-0.0001552907630546707
35,34.5,False,33.5,False,2520,2519,-1.9736124547204668,0.08106126057420562
35,34.5,False,33.5,True,2520,2589,-266.7273067312929,-9.085322403591985e-05
35,-34.5,True,-35.5,False,2521,2450,160.97561115495307,-0.003095031330137162
35,-33.5,True,-34.5,True,2522,2521,-0.4005454902273584,-0.08109288808599252
35,-33.5,True,-34.5,False,2522,2451,162.93035129300887,0.002764140690970851
35,-32.5,True,-33.5,True,2523,2522,-0.4118352208918452,-0.11055181183092797
35,-32.5,True,-33.5,False,2523,2452,164.8621041406749,0.0024525764336140793
35,-31.5,True,-32.5,True,2524,2523,-0.4227402835885812,-0.1303910135817877
35,-31.5,True,-32.5,False,2524,2453,166.77166219497968,0.0021592735057500384
35,-30.5,True,-31.5,True,2525,2524,-0.4332820387185876,-0.1448423647675944
35,-30.5,True,-31.5,False,2525,2454,168.65977343145772,0.001883253864713541
35,-29.5,True,-30.5,True,2526,2525,-0.4434802220862508,-0.15561216306556697
35,-29.5,True,-30.5,False,2526,2455,170.52714472943808,0.0016236175045472336
35,-28.5,True,-29.5,True,2527,2526,-0.4533531003933433,-0.16361030627840903
35,-28.5,True,-29.5,False,2527,2456,172.37444496574372,0.00137953458581041
35,-27.5,True,-28.5,True,2528,2527,-0.462917608921515,-0.16939876650067492
35,-27.5,True,-28.5,False,2528,2457,174.20230781521408,0.001150238512023288
35,-26.5,True,-27.5,True,2529,2528,-0.4721894737644732,-0.17335832512926808
35,-26.5,True,-27.5,False,2529,2458,176.0113342913133,0.0009350198215180157
35,-25.5,True,-26.5,True,2530,2529,-0.48118332061824276,-0.1757641480254436
35,-25.5,True,-26.5,False,2530,2459,177.8020950557158,0.000733220783941153
35,-24.5,True,-25.5,True,2531,2530,-0.48991277184282467,-0.17682476819406678
35,-24.5,True,-25.5,False,2531,2460,179.57513252203998,0.0005442306076090243
35,-23.5,True,-24.5,True,2532,2531,-0.4983905332605616,-0.17670413276014835
35,-23.5,True,-24.5,False,2532,2461,181.3309627757218,0.00036748117798824487
35,-22.5,True,-23.5,True,2533,2532,-0.5066284719491705,-0.17553496682206154
35,-22.5,True,-23.5,False,2533,2462,183.07007732929728,0.00020244325930945264
35,-21.5,True,-22.5,True,2534,2533,-0.5146376861142983,-0.1734273257530218
35,-21.5,True,-22.5,False,2534,2463,184.792944730019,4.862310114213787e-05
35,-20.5,True,-21.5,True,2535,2534,-0.5224285679763625,-0.17047431306950137
35,-20.5,True,-21.5,False,2535,2464,186.5000120347136,-9.444059999541886e-05
35,-19.5,True,-20.5,True,2536,2535,-0.5300108604831735,-0.1667560437605699
35,-19.5,True,-20.5,False,2536,2465,188.19170616503925,-0.00022717942696374508
35,-18.5,True,-19.5,True,2537,2536,-0.5373937085511642,-0.16234247610898853
35,-18.5,True,-19.5,False,2537,2466,189.86843515479012,-0.00034999769336746615
35,-17.5,True,-18.5,True,2538,2537,-0.5445857054496912,-0.15729548820089903
35,-17.5,True,-18.5,False,2538,2467,191.5305892995745,-0.0004632746520723263
35,-16.5,True,-17.5,True,2539,2538,-0.5515949348621092,-0.1516704352000758
35,-16.5,True,-17.5,False,2539,2468,193.17854221804794,-0.0005673664887464944
35,-15.5,True,-16.5,True,2540,2539,-0.5584290090924071,-0.14551734051124465
35,-15.5,True,-16.5,False,2540,2469,194.8126518328786,-0.0006626081246831559
35,-14.5,True,-15.5,True,2541,2540,-0.5650951038280567,-0.1388818230456721
35,-14.5,True,-15.5,False,2541,2470,196.43326127874337,-0.0007493148500618966
35,-13.5,True,-14.5,True,2542,2541,-0.5715999898200863,-0.13180583055999862
35,-13.5,True,-14.5,False,2542,2471,198.04069974388045,-0.0008277838061512968
35,-12.5,True,-13.5,True,2543,2542,-0.5779500617974804,-0.12432822805042558
35,-12.5,True,-13.5,False,2543,2472,199.6352832510481,-0.0008982953326690293
35,-11.5,True,-12.5,True,2544,2543,-0.5841513648986734,-0.11648527618478943
35,-11.5,True,-12.5,False,2544,2473,201.21731538313716,-0.0009611141945440704
35,-10.5,True,-11.5,True,2545,2544,-0.5902096188657566,-0.10831102521316119
35,-10.5,True,-11.5,False,2545,2474,202.78708795815794,-0.0010164907006188586
35,-9.5,True,-10.5,True,2546,2545,-0.5961302402242694,-0.09983764316723769
35,-9.5,True,-10.5,False,2546,2475,204.34488165785314,-0.0010646617253564604
35,-8.5,True,-9.5,True,2547,2546,-0.6019183626420528,-0.0910956924713721
35,-8.5,True,-9.5,False,2547,2476,205.89096661377204,-0.0011058516433258422
35,-7.5,True,-8.5,True,2548,2547,-0.6075788556419752,-0.08211436572286832
35,-7.5,True,-8.5,False,2548,2477,207.42560295427322,-0.0011402731851294266
35,-6.5,True,-7.5,True,2549,2548,-0.613116341823698,-0.07292168895002743
35,-6.5,True,-7.5,False,2549,2478,208.94904131559275,-0.0011681282224551297
35,-5.5,True,-6.5,True,2550,2549,-0.6185352127326524,-0.06354469885278123
35,-5.5,True,-6.5,False,2550,2479,210.46152331982165,-0.001189608489084459
35,-4.5,True,-5.5,True,2551,2550,-0.6238396434997071,-0.054009599189187005
35,-4.5,True,-5.5,False,2551,2480,211.9632820223745,-0.0012048962439410358
35,-3.5,True,-4.5,True,2552,2551,-0.6290336063631798,-0.04434190046546981
35,-3.5,True,-4.5,False,2552,2481,213.45454233129684,-0.0012141648816064285
35,-2.5,True,-3.5,True,2553,2552,-0.6341208831724572,-0.03456654632988236
35,-2.5,True,-3.5,False,2553,2482,214.9355214005464,-0.0012175794951546413
35,-1.5,True,-2.5,True,2554,2553,-0.639105076961954,-0.024708029499568893
35,-1.5,True,-2.5,False,2554,2483,216.4064289991972,-0.001215297395645142
35,-0.5,True,-1.5,True,2555,2554,-0.6439896226771538,-0.014790499621140606
35,-0.5,True,-1.5,False,2555,2484,217.86746785834333,-0.001207468592167806
35,0.5,True,-0.5,True,2556,2555,-0.6487777971243105,-0.004837865148669566
35,0.5,True,-0.5,False,2556,2485,219.3188339973271,-0.0011942362359341201
35,1.5,True,0.5,True,2557,2556,-0.6534727282098061,0.00512610890456722
35,1.5,True,0.5,False,2557,2486,220.76071703077818,-0.0011757370315567985
35,2.5,True,1.5,True,2558,2557,-0.658077403527912,0.015077705637105797
35,2.5,True,1.5,False,2558,2487,222.19330045782567,-0.0011521016183493361
35,3.5,True,2.5,True,2559,2558,-0.6625946783511552,0.02499316173776148
35,3.5,True,2.5,False,2559,2488,223.6167619347318,-0.0011234549241962825
35,4.5,True,3.5,True,2560,2559,-0.6670272830713486,0.03484857218521052
35,4.5,True,3.5,False,2560,2489,225.03127353209453,-0.0010899164943004396
35,5.5,True,4.5,True,2561,2560,-0.6713778301353557,0.04461979255401882
35,5.5,True,4.5,False,2561,2490,226.43700197767305,-0.0010516007968916672
35,6.5,True,5.5,True,2562,2561,-0.6756488205160309,0.054282337224978265
35,6.5,True,5.5,False,2562,2491,227.83410888580687,-0.0010086175077837084
35,7.5,True,6.5,True,2563,2562,-0.6798426497543204,0.0638112716454799
35,7.5,True,6.5,False,2563,2492,229.22275097432174,-0.0009610717754918483
35,8.5,True,7.5,True,2564,2563,-0.6839616136058169,0.07318109655911541
35,8.5,True,7.5,False,2564,2493,230.60308026974684,-0.0009090644684644428
35,9.5,True,8.5,True,2565,2564,-0.6880079133221102,0.0823656218076469
35,9.5,True,8.5,False,2565,2494,231.9752443016041,-0.0008526924058404202
35,10.5,True,9.5,True,2566,2565,-0.6919836605945164,0.0913378268811176
35,10.5,True,9.5,False,2566,2495,233.33938628647272,-0.0007920485730179369
35,11.5,True,10.5,True,2567,2566,-0.6958908821851963,0.10006970482216107
35,11.5,True,10.5,False,2567,2496,234.69564530247823,-0.0007272223232049688
35,12.5,True,11.5,True,2568,2567,-0.6997315242689268,0.1085320853348116
35,12.5,True,11.5,False,2568,2497,236.0441564548093,-0.0006582995660202158
35,13.5,True,12.5,True,2569,2568,-0.7035074565069408,0.11669443194463967
35,13.5,True,12.5,False,2569,2498,237.38505103281864,-0.0005853629441179563
35,14.5,True,13.5,True,2570,2569,-0.7072204758712957,0.12452460671812725
35,14.5,True,13.5,False,2570,2499,238.71845665922564,-0.000508491998729998
35,15.5,True,14.5,True,2571,2570,-0.7108723102386421,0.13198859424899728
35,15.5,True,14.5,False,2571,2500,240.04449743190094,-0.000427763324938898
35,16.5,True,15.5,True,2572,2571,-0.7144646217689825,0.1390501741745926
35,16.5,True,15.5,False,2572,2501,241.36329405867852,-0.000343250717430351
35,17.5,True,16.5,True,2573,2572,-0.7179990100847817,0.14567052812617481
35,17.5,True,16.5,False,2573,2502,242.67496398560996,-0.0002550253074089541
35,18.5,True,17.5,True,2574,2573,-0.7214770152639005,0.15180776233771434
35,18.5,True,17.5,False,2574,2503,243.9796215190465,-0.0001631556913072385
35,19.5,True,18.5,True,2575,2574,-0.7249001206594698,0.1574163205185131
35,19.5,True,18.5,False,2575,2504,245.27737794190836,-6.770805186485849e-05
35,20.5,True,19.5,True,2576,2575,-0.7282697555583582,0.162446252068705
35,20.5,True,19.5,False,2576,2505,246.56834162447575,3.125372789194336e-05
35,21.5,True,20.5,True,2577,2576,-0.7315872976884208,0.16684228673932458
35,21.5,True,20.5,False,2577,2506,247.85261813001415,0.00013366795727777733
35,22.5,True,21.5,True,2578,2577,-0.7348540755858863,0.17054264588225215
35,22.5,True,21.5,False,2578,2507,249.13031031552507,0.0002394750367386743
35,23.5,True,22.5,True,2579,2578,-0.7380713708304114,0.173477488241551
35,23.5,True,22.5,False,2579,2508,250.40151842789402,0.0003486173623824452
35,24.5,True,23.5,True,2580,2579,-0.7412404201578084,0.17556683740097276
35,24.5,True,23.5,False,2580,2509,251.666340195691,0.0004610392358727832
35,25.5,True,24.5,True,2581,2580,-0.7443624174575518,0.17671775516911817
35,25.5,True,24.5,False,2581,2510,252.92487091686087,0.0005766867793281828
35,26.5,True,25.5,True,2582,2581,-0.7474385156625374,0.17682038525724517
35,26.5,True,25.5,False,2582,2511,254.17720354252597,0.00069550785490012
35,27.5,True,26.5,True,2583,2582,-0.7504698285381153,0.17574224510425188
35,27.5,True,26.5,False,2583,2512,255.42342875711054,0.0008174519887290675
35,28.5,True,27.5,True,2584,2583,-0.7534574323762797,0.17331968744140464
35,28.5,True,27.5,False,2584,2513,256.66363505498134,0.000942470298994222
35,29.5,True,28.5,True,2585,2584,-0.7564023676015381,0.16934455711511043
35,29.5,True,28.5,False,2585,2514,257.8979088137888,0.0010705154278019757
35,30.5,True,29.5,True,2586,2585,-0.7593056402930074,0.16354217659979411
35,30.5,True,29.5,False,2586,2515,259.12633436467945,0.0012015414766670131
35,31.5,True,30.5,True,2587,2586,-0.7621682236286915,0.15553241795804343
35,31.5,True,30.5,False,2587,2516,260.348994059543,0.0013355039453677737
35,32.5,True,31.5,True,2588,2587,-0.7649910592559195,0.14475422832895748
35,32.5,True,31.5,False,2588,2517,261.5659683354436,0.0014723596739634728
35,33.5,True,32.5,True,2589,2588,-0.767775058592818,0.13029910575527553
35,33.5,True,32.5,False,2589,2518,262.7773357763801,0.001612066787783312
35,34.5,True,33.5,True,2590,2589,-0.7705211040647271,0.11046316299767414
35,34.5,True,33.5,False,2590,2519,263.98317317250775,0.001754584645206509
35,35.5,True,34.5,True,2591,2590,-0.7732300502791674,0.08101991635787853
35,35.5,True,34.5,False,2591,2520,265.18355557694906,0.0018998737880677513
36,-35.5,False,-36.5,False,2593,2592,-2.3643371979608503,0.07993886903315978
36,-34.5,False,-35.5,False,2594,2593,-2.3523175258363693,-0.10910938837287906
36,-34.5,False,-35.5,True,2594,2665,-164.21131744842796,-7.720009209302316e-05
36,-33.5,False,-34.5,False,2595,2594,-2.340724345598005,-0.12885099901010588
36,-33.5,False,-34.5,True,2595,2666,-166.16022576107713,-0.00013376818657559898
36,-32.5,False,-33.5,False,2596,2595,-2.329533016550407,-0.14331935883483954
36,-32.5,False,-33.5,True,2596,2667,-168.08634956444033,-0.00018896977810274252
36,-31.5,False,-32.5,False,2597,2596,-2.318720846175708,-0.15418773599119165
36,-31.5,False,-32.5,True,2597,2668,-169.99046986838124,-0.00024335908584300356
36,-30.5,False,-31.5,False,2598,2597,-2.3082668964582282,-0.1623472372602507
36,-30.5,False,-31.5,True,2598,2669,-171.87332405222992,-0.0002969468016041544
36,-29.5,False,-30.5,False,2599,2598,-2.298151813234867,-0.16834751770034867
36,-29.5,False,-30.5,True,2599,2670,-173.7356092031378,-0.0003496426442860961
36,-28.5,False,-29.5,False,2600,2599,-2.288357675403759,-0.17256053930072499
36,-28.5,False,-29.5,True,2600,2671,-175.57798513299122,-0.0004013356832031043
36,-27.5,False,-28.5,False,2601,2600,-2.278867861316705,-0.17525475730617687
36,-27.5,False,-28.5,True,2601,2672,-177.40107711092648,-0.0004519157841375474
36,-26.5,False,-27.5,False,2602,2601,-2.2696669300880217,-0.17663336613659725
36,-26.5,False,-27.5,True,2602,2673,-179.205478343546,-0.0005012802330409186
36,-25.5,False,-26.5,False,2603,2602,-2.260740515890717,-0.17685591814017013
36,-25.5,False,-26.5,True,2603,2674,-180.9917522307395,-0.0005493356561542729
36,-24.5,False,-25.5,False,2604,2603,-2.2520752335933096,-0.17605142083024009
36,-24.5,False,-25.5,True,2604,2675,-182.76043442143833,-0.0005959982390742228
36,-23.5,False,-24.5,False,2605,2604,-2.2436585943266323,-0.17432671399473995
36,-23.5,False,-24.5,True,2605,2676,-184.51203469057305,-0.0006411932960750084
36,-22.5,False,-23.5,False,2606,2605,-2.235478929769023,-0.1717720673187536
36,-22.5,False,-23.5,True,2606,2677,-186.24703865588347,-0.0006848546011035665
36,-21.5,False,-22.5,False,2607,2606,-2.2275253241054784,-0.16846505814135312
36,-21.5,False,-22.5,True,2607,2678,-187.96590935097277,-0.0007269236532639208
36,-20.5,False,-21.5,False,2608,2607,-2.2197875527578077,-0.16447334047890477
36,-20.5,False,-21.5,True,2608,2679,-189.66908866905084,-0.0007673489518076372
36,-19.5,False,-20.5,False,2609,2608,-2.2122560271044307,-0.15985667420329874
36,-19.5,False,-20.5,True,2609,2680,-191.35699869012785,-0.0008060853126798515
36,-18.5,False,-19.5,False,2610,2609,-2.2049217445089795,-0.1546684457855231
36,-18.5,False,-19.5,True,2610,2681,-193.03004290295604,-0.000843093238869555
36,-17.5,False,-18.5,False,2611,2610,-2.197776243065931,-0.14895683064977142
36,-17.5,False,-18.5,True,2611,2682,-194.68860733174574,-0.0008783383474618937
36,-16.5,False,-17.5,False,2612,2611,-2.1908115605459813,-0.14276569725862537
36,-16.5,False,-17.5,True,2612,2683,-196.33306157657245,-0.0009117908518703987
36,-15.5,False,-16.5,False,2613,2612,-2.184020197088074,-0.1361353214403851
36,-15.5,False,-16.5,True,2613,2684,-197.96375977542127,-0.0009434250957417778
36,-14.5,False,-15.5,False,2614,2613,-2.17739508124032,-0.12910295889759107
36,-14.5,False,-15.5,True,2614,2685,-199.58104149496447,-0.0009732191342497417
36,-13.5,False,-14.5,False,2615,2614,-2.1709295390006815,-0.12170331011710134
36,-13.5,False,-14.5,True,2615,2686,-201.18523255642026,-0.0010011543583385094
36,-12.5,False,-13.5,False,2616,2615,-2.164617265549154,-0.11396890255322047
36,-12.5,False,-13.5,True,2616,2687,-202.77664580218487,-0.0010272151576198121
36,-11.5,False,-12.5,False,2617,2616,-2.1584522993984763,-0.10593040845978018
36,-11.5,False,-12.5,True,2617,2688,-204.35558180834727,-0.0010513886179145874
36,-10.5,False,-11.5,False,2618,2617,-2.152428998723906,-0.09761691215487335
36,-10.5,False,-11.5,True,2618,2689,-205.92232954768443,-0.001073664249776186
36,-9.5,False,-10.5,False,2619,2618,-2.1465420196567777,-0.08905613720444831
36,-9.5,False,-10.5,True,2619,2690,-207.4771670072799,-0.0010940337446816815
36,-8.5,False,-9.5,False,2620,2619,-2.1407862963532835,-0.08027464161002068
36,-8.5,False,-9.5,True,2620,2691,-209.02036176450474,-0.0011124907559254414
36,-7.5,False,-8.5,False,2621,2620,-2.1351570226687784,-0.07129798731595936
36,-7.5,False,-8.5,True,2621,2692,-210.5521715247416,-0.0011290307015625854
36,-6.5,False,-7.5,False,2622,2621,-2.1296496352872083,-0.062150889033339825
36,-6.5,False,-7.5,True,2622,2693,-212.07284462391237,-0.0011436505870435658
36,-5.5,False,-6.5,False,2623,2622,-2.124259798170968,-0.052857346386379206
36,-5.5,False,-6.5,True,2623,2694,-213.5826204985853,-0.0011563488454430955
36,-4.5,False,-5.5,False,2624,2623,-2.1189833882108076,-0.04344076263774834
36,-4.5,False,-5.5,True,2624,2695,-215.08173012618187,-0.001167125193418163
36,-3.5,False,-4.5,False,2625,2624,-2.113816481967916,-0.03392405267962708
36,-3.5,False,-4.5,True,2625,2696,-216.57039643757537,-0.0011759805012407755
36,-2.5,False,-3.5,False,2626,2625,-2.108755343411076,-0.02432974254493667
36,-2.5,False,-3.5,True,2626,2697,-218.04883470416917,-0.0011829166754331248
36,-1.5,False,-2.5,False,2627,2626,-2.103796412561863,-0.014680062366710989
36,-1.5,False,-2.5,True,2627,2698,-219.51725290135687,-0.0011879365526957996
36,-0.5,False,-1.5,False,2628,2627,-2.098936294969903,-0.004997034470831076
36,-0.5,False,-1.5,True,2628,2699,-220.9758520501034,-0.0011910438039653658
36,0.5,False,-0.5,False,2629,2628,-2.0941717519467176,0.004697441887393747
36,0.5,False,-0.5,True,2629,2700,-222.4248265382348,-0.0011922428475603633
36,1.5,False,0.5,False,2630,2629,-2.089499691494723,0.014381507750040127
36,1.5,False,0.5,True,2630,2701,-223.86436442289104,-0.0011915387704899837
36,2.5,False,1.5,False,2631,2630,-2.0849171598739815,0.024033262321846507
36,2.5,False,1.5,True,2631,2702,-225.29464771547453,-0.0011889372570953176
36,3.5,False,2.5,False,2632,2631,-2.080421333753833,0.033630680170995034
36,3.5,False,2.5,True,2632,2703,-226.71585265031715,-0.0011844445242790037
36,4.5,False,3.5,False,2633,2632,-2.076009512901905,0.04315152643989661
36,4.5,False,3.5,True,2633,2704,-228.12814993818768,-0.0011780672626566131
36,5.5,False,4.5,False,2634,2633,-2.071679113368859,0.05257326867203222
36,5.5,False,4.5,True,2634,2705,-229.5317050056732,-0.0011698125830243665
36,6.5,False,5.5,False,2635,2634,-2.0674276611277094,0.06187298374255493
36,6.5,False,5.5,True,2635,2706,-230.92667822138455,-0.0011596879675989159
36,7.5,False,6.5,False,2636,2635,-2.063252786134001,0.07102725820488305
36,7.5,False,6.5,True,2636,2707,-232.31322510986104,-0.001147701225529827
36,8.5,False,7.5,False,2637,2636,-2.0591522167731,0.08001208012195439
36,8.5,False,7.5,True,2637,2708,-233.69149655398292,-0.0011338604522264518
36,9.5,False,8.5,False,2638,2637,-2.0551237746662707,0.0888027201233841
36,9.5,False,8.5,True,2638,2709,-235.0616389866371,-0.001118173992073376
36,10.5,False,9.5,False,2639,2638,-2.0511653698070518,0.09737359899616235
36,10.5,False,9.5,True,2639,2710,-236.42379457232516,-0.0011006504041328861
36,11.5,False,10.5,False,2640,2639,-2.047274996005058,0.10569813854569769
36,11.5,False,10.5,True,2640,2711,-237.77810137935208,-0.0010812984304445557
36,12.5,False,11.5,False,2641,2640,-2.043450726612889,0.11374859171251078
36,12.5,False,11.5,True,2641,2712,-239.12469354318483,-0.0010601269665395782
36,13.5,False,12.5,False,2642,2641,-2.039690710516709,0.1214958469367165
36,13.5,False,12.5,True,2642,2713,-240.4637014215292,-0.0010371450337738743
36,14.5,False,13.5,False,2643,2642,-2.035993168370993,0.1289092004411057
36,14.5,False,13.5,True,2643,2714,-241.79525174163166,-0.0010123617530585396
36,15.5,False,14.5,False,2644,2643,-2.0323563890603964,0.1359560883301876
36,15.5,False,14.5,True,2644,2715,-243.11946774027786,-0.0009857863195122372
36,16.5,False,15.5,False,2645,2644,-2.028778726371968,0.1426017679967667
36,16.5,False,15.5,True,2645,2716,-244.436469296925,-0.0009574279774750492
36,17.5,False,16.5,False,2646,2645,-2.0252585958641873,0.14880893502371617
36,17.5,False,16.5,True,2646,2717,-245.74637306037593,-0.000927295995183465
36,18.5,False,17.5,False,2647,2646,-2.0217944719184118,0.15453725716771044
36,18.5,False,17.5,True,2647,2718,-247.04929256937334,-0.0008953996381911056
36,19.5,False,18.5,False,2648,2647,-2.0183848849603407,0.15974280050412393
36,19.5,False,18.5,True,2648,2719,-248.34533836746687,-0.0008617481402840702
36,20.5,False,19.5,False,2649,2648,-2.0150284188405863,0.16437731344670128
36,20.5,False,19.5,True,2649,2720,-249.63461811248257,-0.0008263506701095684
36,21.5,False,20.5,False,2650,2649,-2.0117237083632915,0.16838732061300116
36,21.5,False,20.5,True,2650,2721,-250.91723668090123,-0.0007892162908893336
36,22.5,False,21.5,False,2651,2650,-2.0084694369526517,0.17171295789968744
36,22.5,False,21.5,True,2651,2722,-252.19329626743195,-0.0007503539092124635
36,23.5,False,22.5,False,2652,2651,-2.005264334449265,0.1742864484700778
36,23.5,False,22.5,True,2652,2723,-253.46289648004864,-0.0007097722065862149
36,24.5,False,23.5,False,2653,2652,-2.0021071750271062,0.17603006935138601
36,24.5,False,23.5,True,2653,2724,-254.72613443073982,-0.0006674795434399922
36,25.5,False,24.5,False,2654,2653,-1.9989967752234747,0.17685337684641145
36,25.5,False,24.5,True,2654,2725,-255.98310482220518,-0.0006234838181471041
36,26.5,False,25.5,False,2655,2654,-1.9959319920750715,0.17664932127656344
36,26.5,False,25.5,True,2655,2726,-257.2339000307185,-0.000577792250365979
36,27.5,False,26.5,False,2656,2655,-1.9929117213535505,0.17528863896911448
36,27.5,False,26.5,True,2656,2727,-258.4786101853619,-0.0005304110320927612
36,28.5,False,27.5,False,2657,2656,-1.9899348958936685,0.17261146026250676
36,28.5,False,27.5,True,2657,2728,-259.7173232438239,-0.00048134473632131716
36,29.5,False,28.5,False,2658,2657,-1.9870004840090303,0.1684141900391546
36,29.5,False,28.5,True,2658,2729,-260.9501250649414,-0.0004305952550272479
36,30.5,False,29.5,False,2659,2658,-1.984107487989803,0.16242785398304493
36,30.5,False,29.5,True,2659,2730,-262.177099478155,-0.00037815975484623655
36,31.5,False,30.5,False,2660,2659,-1.9812549426776513,0.15427979371548367
36,31.5,False,30.5,True,2660,2731,-263.3983283500372,-0.0003240263860731929
36,32.5,False,31.5,False,2661,2660,-1.978441914112608,0.14341937169239388
36,32.5,False,31.5,True,2661,2732,-264.6138916480422,-0.0002681641962683673
36,33.5,False,32.5,False,2662,2661,-1.9756674982484697,0.12895398424769902
36,33.5,False,32.5,True,2662,2733,-265.8238675016181,-0.00021049538725346725
36,34.5,False,33.5,False,2663,2662,-1.9729308197320279,0.10920776818840665
36,34.5,False,33.5,True,2663,2734,-267.0283322608134,-0.00015079845583355615
36,35.5,False,34.5,False,2664,2663,-1.9702310307429798,0.08001923761119747
36,35.5,False,34.5,True,2664,2735,-268.2273605525032,-8.818843063224344e-05
36,-35.5,True,-36.5,False,2665,2592,159.49466272463076,-0.003126854281752959
36,-34.5,True,-35.5,True,2666,2665,-0.3918160329488387,-0.0800526614907498
36,-34.5,True,-35.5,False,2666,2593,161.46718388964277,0.002798849380153662
36,-33.5,True,-34.5,True,2667,2666,-0.4034092131872171,-0.10924722822364101
36,-33.5,True,-34.5,False,2667,2594,163.4160922022919,0.002489946119357308
36,-32.5,True,-33.5,True,2668,2667,-0.41460054223480824,-0.12899370274393684
36,-32.5,True,-33.5,False,2668,2595,165.34221600565513,0.0021990689531176965
36,-31.5,True,-32.5,True,2669,2668,-0.4254127126095284,-0.14345630985121094
36,-31.5,True,-32.5,False,2669,2596,167.246336309596,0.001925231790193125
36,-30.5,True,-31.5,True,2670,2669,-0.4358666623269727,-0.15431216457746122
36,-30.5,True,-31.5,False,2670,2597,169.12919049344472,0.001667528611494321
36,-29.5,True,-30.5,True,2671,2670,-0.4459817455503554,-0.16245459935133078
36,-29.5,True,-30.5,False,2671,2598,170.9914756443526,0.0014251252594017468
36,-28.5,True,-29.5,True,2672,2671,-0.45577588338146313,-0.16843472740264656
36,-28.5,True,-29.5,False,2672,2599,172.833851574206,0.0011972522306504677
36,-27.5,True,-28.5,True,2673,2672,-0.4652656974684959,-0.17262553786095508
36,-27.5,True,-28.5,False,2673,2600,174.65694355214129,0.0009831983314620618
36,-26.5,True,-27.5,True,2674,2673,-0.4744666286972006,-0.17529624362468124
36,-26.5,True,-27.5,False,2674,2601,176.46134478476077,0.0007823050760091902
36,-25.5,True,-26.5,True,2675,2674,-0.48339304289450524,-0.1766506154933418
36,-25.5,True,-26.5,False,2675,2602,178.24761867195429,0.0005939617277642244
36,-24.5,True,-25.5,True,2676,2675,-0.4920583251919055,-0.17684865367690303
36,-24.5,True,-25.5,False,2676,2603,180.0163008626531,0.00041760089858299514
36,-23.5,True,-24.5,True,2677,2676,-0.50047496445859,-0.17601971879213235
36,-23.5,True,-24.5,False,2677,2604,181.76790113178782,0.00025269463308232287
36,-22.5,True,-23.5,True,2678,2677,-0.508654629016192,-0.17427093172975563
36,-22.5,True,-23.5,False,2678,2605,183.50290509709828,9.875091648983539e-05
36,-21.5,True,-22.5,True,2679,2678,-0.5166082346797225,-0.17169278726157455
36,-21.5,True,-22.5,False,2679,2606,185.22177579218757,-4.468944697737672e-05
36,-20.5,True,-21.5,True,2680,2679,-0.5243460060274145,-0.16836304340157646
36,-20.5,True,-21.5,False,2680,2607,186.9249551102656,-0.0001780556306702062
36,-19.5,True,-20.5,True,2681,2680,-0.5318775316807915,-0.1643494990839064
36,-19.5,True,-20.5,False,2681,2608,188.61286513134263,-0.000301749296168856
36,-18.5,True,-19.5,True,2682,2681,-0.5392118142762428,-0.15971202994152525
36,-18.5,True,-19.5,False,2682,2609,190.28590934417082,-0.0004161468518844659
36,-17.5,True,-18.5,True,2683,2682,-0.5463573157192911,-0.15450411417832258
36,-17.5,True,-18.5,False,2683,2610,191.94447377296052,-0.0005216014889091981
36,-16.5,True,-17.5,True,2684,2683,-0.553321998239241,-0.14877399897129523
36,-16.5,True,-17.5,False,2684,2611,193.58892801778723,-0.0006184450195710449
36,-15.5,True,-16.5,True,2685,2684,-0.5601133616971197,-0.1425656077939818
36,-15.5,True,-16.5,False,2685,2612,195.21962621663607,-0.0007069895408585913
36,-14.5,True,-15.5,True,2686,2685,-0.5667384775449023,-0.1359192573640219
36,-14.5,True,-15.5,False,2686,2613,196.83690793617924,-0.0007875289420641401
36,-13.5,True,-14.5,True,2687,2686,-0.5732040197845407,-0.12887223229277353
36,-13.5,True,-14.5,False,2687,2614,198.44109899763504,-0.0008603402735719639
36,-12.5,True,-13.5,True,2688,2687,-0.5795162932360682,-0.12145925175983813
36,-12.5,True,-13.5,False,2688,2615,200.03251224339965,-0.000925684991637566
36,-11.5,True,-12.5,True,2689,2688,-0.585681259386746,-0.11371285316089971
36,-11.5,True,-12.5,False,2689,2616,201.61144824956205,-0.0009838100922058403
36,-10.5,True,-11.5,True,2690,2689,-0.5917045600613164,-0.10566371116334852
36,-10.5,True,-11.5,False,2690,2617,203.1781959888992,-0.0010349491452578928
36,-9.5,True,-10.5,True,2691,2690,-0.5975915391284445,-0.09734090599859897
36,-9.5,True,-10.5,False,2691,2618,204.73303344849467,-0.0010793232398320428
36,-8.5,True,-9.5,True,2692,2691,-0.6033472624319103,-0.08877215151260669
36,-8.5,True,-9.5,False,2692,2619,206.27622820571952,-0.0011171418486858617
36,-7.5,True,-8.5,True,2693,2692,-0.6089765361164439,-0.07998399108769205
36,-7.5,True,-8.5,False,2693,2620,207.80803796595637,-0.0011486036205508446
36,-6.5,True,-7.5,True,2694,2693,-0.614483923498014,-0.071001967773317
36,-6.5,True,-7.5,False,2694,2621,209.32871106512715,-0.001173897107032584
36,-5.5,True,-6.5,True,2695,2694,-0.6198737606142544,-0.06185077364061347
36,-5.5,True,-6.5,False,2695,2622,210.83848693980008,-0.0011932014304351856
36,-4.5,True,-5.5,True,2696,2695,-0.6251501705744147,-0.05255438238109386
36,-4.5,True,-5.5,False,2696,2623,212.33759656739664,-0.0012066868980998497
36,-3.5,True,-4.5,True,2697,2696,-0.6303170768172777,-0.04313616841755413
36,-3.5,True,-4.5,False,2697,2624,213.82626287879017,-0.0012145155682483787
36,-2.5,True,-3.5,True,2698,2697,-0.6353782153741463,-0.033619015223629145
36,-2.5,True,-3.5,False,2698,2625,215.30470114538394,-0.001216841771793899
36,-1.5,True,-2.5,True,2699,2698,-0.6403371462233594,-0.024025415114299564
36,-1.5,True,-2.5,False,2699,2626,216.77311934257165,-0.0012138125941127849
36,-0.5,True,-1.5,True,2700,2699,-0.6451972638153194,-0.014377562441786547
36,-0.5,True,-1.5,False,2700,2627,218.2317184913182,-0.0012055683203621903
36,0.5,True,-0.5,True,2701,2700,-0.6499618068385047,-0.004697441887393106
36,0.5,True,-0.5,False,2701,2628,219.6806929794496,-0.0011922428475603633
36,1.5,True,0.5,True,2702,2701,-0.6546338672904994,0.004993086635850541
36,1.5,True,0.5,False,2702,2629,221.12023086410582,-0.001173964066326439
36,2.5,True,1.5,True,2703,2702,-0.6592163989112123,0.014672205073399681
36,2.5,True,1.5,False,2703,2630,222.55051415668933,-0.0011508542148869877
36,3.5,True,2.5,True,2704,2703,-0.6637122250313894,0.024318054984432284
36,3.5,True,2.5,False,2704,2631,223.97171909153192,-0.0011230302077030552
36,4.5,True,3.5,True,2705,2704,-0.6681240458833173,0.03390865465686196
36,4.5,True,3.5,False,2705,2632,225.38401637940245,-0.001090603940844072
36,5.5,True,4.5,True,2706,2705,-0.6724544454163635,0.043421814254848284
36,5.5,True,4.5,False,2706,2633,226.78757144688797,-0.0010536825760309554
36,6.5,True,5.5,True,2707,2706,-0.6767058976575129,0.05283504760357427
36,6.5,True,5.5,False,2707,2634,228.18254466259933,-0.0010123688050909035
36,7.5,True,6.5,True,2708,2707,-0.6808807726512214,0.06212547909817005
36,7.5,True,6.5,False,2708,2635,229.56909155107581,-0.0009667610964046345
36,8.5,True,7.5,True,2709,2708,-0.684981342012108,0.07126974404863308
36,8.5,True,7.5,False,2709,2636,230.9473629951977,-0.0009169539247788009
36,9.5,True,8.5,True,2710,2709,-0.6890097841189515,0.08024388052950024
36,9.5,True,8.5,False,2710,2637,232.31750542785187,-0.0008630379860507755
36,10.5,True,9.5,True,2711,2710,-0.6929681889781563,0.08902321047608064
36,10.5,True,9.5,False,2711,2638,233.67966101353997,-0.0008051003976108985
36,11.5,True,10.5,True,2712,2711,-0.6968585627801502,0.09758220733600056
36,11.5,True,10.5,False,2712,2639,235.0339678205669,-0.0007432248859260276
36,12.5,True,11.5,True,2713,2712,-0.7006828321723191,0.10589434701459972
36,12.5,True,11.5,False,2713,2640,236.3805599843996,-0.0006774919620503078
36,13.5,True,12.5,True,2714,2713,-0.7044428482685419,0.11393193810196053
36,13.5,True,12.5,False,2714,2641,237.71956786274396,-0.0006079790860263865
36,14.5,True,13.5,True,2715,2714,-0.708140390414215,0.1216659263770989
36,14.5,True,13.5,False,2715,2642,239.05111818284644,-0.0005347608210002006
36,15.5,True,14.5,True,2716,2715,-0.7117771697248259,0.12906566726466365
36,15.5,True,14.5,False,2716,2643,240.37533418149263,-0.0004579089778050468
36,16.5,True,15.5,True,2717,2716,-0.7153548324132402,0.13609865814751526
36,16.5,True,15.5,False,2717,2644,241.69233573813978,-0.00037749275070575624
36,17.5,True,16.5,True,2718,2717,-0.7188749629210207,0.14273022003471758
36,17.5,True,16.5,False,2718,2645,243.00223950159074,-0.0002935788449375169
36,18.5,True,17.5,True,2719,2718,-0.7223390868667963,0.14892311478315332
36,18.5,True,17.5,False,2719,2646,244.3051590105881,-0.0002062315966216496
36,19.5,True,18.5,True,2720,2719,-0.7257486738248815,0.15463707947362912
36,19.5,True,18.5,False,2720,2647,245.60120480868164,-0.00011551308559264733
36,20.5,True,19.5,True,2721,2720,-0.729105139944636,0.1598282530397082
36,20.5,True,19.5,False,2721,2648,246.89048455369735,-2.1483241629536364e-05
36,21.5,True,20.5,True,2722,2721,-0.7324098504219307,0.1644484608888892
36,21.5,True,20.5,False,2722,2649,248.173103122116,7.580005545536176e-05
36,22.5,True,21.5,True,2723,2722,-0.7356641218325706,0.16844430952324946
36,22.5,True,21.5,False,2723,2650,249.44916270864672,0.0001762808814545328
36,23.5,True,22.5,True,2724,2723,-0.7388692243359429,0.17175602257468753
36,23.5,True,22.5,False,2724,2651,250.71876292126342,0.00027990517874226605
36,24.5,True,23.5,True,2725,2724,-0.742026383758116,0.17431591803087587
36,24.5,True,23.5,False,2725,2652,251.9820008719546,0.00038662067223771206
36,25.5,True,24.5,True,2726,2725,-0.7451367835617617,0.1760463764583728
36,25.5,True,24.5,False,2726,2653,253.23897126341993,0.0004963767900239226
36,26.5,True,25.5,True,2727,2726,-0.7482015667101223,0.17685706859341851
36,26.5,True,25.5,False,2727,2654,254.48976647193328,0.0006091245883209381
36,27.5,True,26.5,True,2728,2727,-0.7512218374316717,0.17664107307771024
36,27.5,True,26.5,False,2728,2655,255.73447662657668,0.0007248166805291866
36,28.5,True,27.5,True,2729,2728,-0.7541986628915538,0.17526927267693362
36,28.5,True,27.5,False,2729,2656,256.9731896850387,0.0008434071700861604
36,29.5,True,28.5,True,2730,2729,-0.757133074776192,0.17258196848104515
36,29.5,True,28.5,False,2730,2657,258.2059915061561,0.0009648515868935072
36,30.5,True,29.5,True,2731,2730,-0.7600260707954192,0.16837576990242978
36,30.5,True,29.5,False,2731,2658,259.43296591936974,0.0010891068270907388
36,31.5,True,30.5,True,2732,2731,-0.7628786161075709,0.16238195618620077
36,31.5,True,30.5,False,2732,2659,260.654194791252,0.0012161310959674374
36,32.5,True,31.5,True,2733,2732,-0.7656916446726143,0.1542281978604483
36,32.5,True,31.5,False,2733,2660,261.86975808925706,0.001345883853823868
36,33.5,True,32.5,True,2734,2733,-0.7684660605367384,0.14336431135233124
36,33.5,True,32.5,False,2734,2661,263.0797339428329,0.00147832576459667
36,34.5,True,33.5,True,2735,2734,-0.7712027390531659,0.12889837878521954
36,34.5,True,33.5,False,2735,2662,264.2841987020282,0.0016134186470856693
36,35.5,True,34.5,True,2736,2735,-0.7739025280422709,0.10915573349677991
36,35.5,True,34.5,False,2736,2663,265.48322699371795,0.001751125428625845
36,36.5,True,35.5,True,2737,2736,-0.7765662488955059,0.07997763792354473
36,36.5,True,35.5,False,2737,2664,266.6768917755654,0.0018914101010595054
37,-36.5,False,-37.5,False,2739,2738,-2.373555924394669,0.07893372537250203
37,-35.5,False,-36.5,False,2740,2739,-2.361202278895014,-0.10784377353150852
37,-35.5,False,-36.5,True,2740,2813,-162.74863965435424,-7.391700741231271e-05
37,-34.5,False,-35.5,False,2741,2740,-2.3492948158538667,-0.12748868306753317
37,-34.5,False,-35.5,True,2741,2814,-164.71500319031793,-0.0001282984497233643
37,-33.5,False,-34.5,False,2742,2741,-2.3378073066514418,-0.14195937429893632
37,-33.5,False,-34.5,True,2742,2815,-166.657971754038,-0.00018152982742034732
37,-32.5,False,-33.5,False,2743,2742,-2.326715631788254,-0.15290127057230835
37,-32.5,False,-33.5,True,2743,2816,-168.57836113369248,-0.00023412274916350046
37,-31.5,False,-32.5,False,2744,2743,-2.315997567711406,-0.1611897168936002
37,-31.5,False,-32.5,True,2744,2817,-170.47694077440693,-0.00028607202538736144
37,-30.5,False,-31.5,False,2745,2744,-2.305632599397377,-0.16736406424970487
37,-30.5,False,-31.5,True,2745,2818,-172.35443738273048,-0.00033727797770610843
37,-29.5,False,-30.5,False,2746,2745,-2.2956017550934718,-0.17178890013241538
37,-29.5,False,-30.5,True,2746,2819,-174.21153817843611,-0.0003876228723180619
37,-28.5,False,-29.5,False,2747,2746,-2.2858874601856627,-0.17472706072623312
37,-28.5,False,-29.5,True,2747,2820,-176.04889383493003,-0.00043699117151586045
37,-27.5,False,-28.5,False,2748,2747,-2.2764734076312934,-0.17637725697716392
37,-27.5,False,-28.5,True,2748,2821,-177.86712114396178,-0.0004852756658095008
37,-26.5,False,-27.5,False,2749,2748,-2.267344442781564,-0.17689533484240616
37,-26.5,False,-27.5,True,2749,2822,-179.66680543558942,-0.0005323791433555993
37,-25.5,False,-26.5,False,2750,2749,-2.2584864607430006,-0.1764071504148846
37,-25.5,False,-26.5,True,2750,2823,-181.44850278032877,-0.0005782144590564638
37,-24.5,False,-25.5,False,2751,2750,-2.2498863146954804,-0.17501680178847664
37,-24.5,False,-25.5,True,2751,2824,-183.212741996982,-0.0006227040033490627
37,-23.5,False,-24.5,False,2752,2751,-2.241531733810902,-0.17281212745530145
37,-23.5,False,-24.5,True,2752,2825,-184.9600264867032,-0.0006657789603511678
37,-22.5,False,-23.5,False,2753,2752,-2.233411249606597,-0.16986851376267137
37,-22.5,False,-23.5,True,2753,2826,-186.69083591133548,-0.0007073785177611673
37,-21.5,False,-22.5,False,2754,2753,-2.2255141297278342,-0.16625161256034546
37,-21.5,False,-22.5,True,2754,2827,-188.4056277318847,-0.0007474490979545347
37,-20.5,False,-21.5,False,2755,2754,-2.217830318289444,-0.16201933180311118
37,-20.5,False,-21.5,True,2755,2828,-190.10483862111676,-0.0007859436390648048
37,-19.5,False,-20.5,False,2756,2755,-2.2103503820227957,-0.157223326623015
37,-19.5,False,-20.5,True,2756,2829,-191.7888857626438,-0.0008228209362236307
37,-18.5,False,-19.5,False,2757,2756,-2.20306546157164,-0.15191013835385497
37,-18.5,False,-19.5,True,2757,2830,-193.458168047453,-0.0008580450444500084
37,-17.5,False,-18.5,False,2758,2757,-2.1959672273647897,-0.14612207989315026
37,-17.5,False,-18.5,True,2758,2831,-195.1130671776042,-0.0008915847406617495
37,-16.5,False,-17.5,False,2759,2758,-2.1890478395666833,-0.13989793470657733
37,-16.5,False,-17.5,True,2759,2832,-196.75394868575046,-0.0009234130405551939
37,-15.5,False,-16.5,False,2760,2759,-2.1822999116669166,-0.13327351655555467
37,-15.5,False,-16.5,True,2760,2833,-198.38116287819884,-0.0009535067654936326
37,-14.5,False,-15.5,False,2761,2760,-2.175716477324656,-0.12628212354372417
37,-14.5,False,-15.5,True,2761,2834,-199.9950457084052,-0.0009818461545159926
37,-13.5,False,-14.5,False,2762,2761,-2.1692909601298567,-0.118954910889516
37,-13.5,False,-14.5,True,2762,2835,-201.5959195870745,-0.0010084145168090164
37,-12.5,False,-13.5,False,2763,2762,-2.16301714598238,-0.1113212004481139
37,-12.5,False,-13.5,True,2763,2836,-203.1840941344015,-0.0010331979203429735
37,-11.5,False,-12.5,False,2764,2763,-2.156889157825134,-0.1034087404927985
37,-11.5,False,-12.5,True,2764,2837,-204.7598668794238,-0.001056184912767013
37,-10.5,False,-11.5,False,2765,2764,-2.150901432498742,-0.09524392602430361
37,-10.5,False,-11.5,True,2765,2838,-206.32352391096248,-0.0010773662710579118
37,-9.5,False,-10.5,False,2766,2765,-2.1450486995090614,-0.0868519875159057
37,-9.5,False,-10.5,True,2766,2839,-207.87534048418505,-0.001096734776787947
37,-8.5,False,-9.5,False,2767,2766,-2.1393259615243494,-0.07825715426054966
37,-8.5,False,-9.5,True,2767,2840,-209.41558158643323,-0.0011142850142275037
37,-7.5,False,-8.5,False,2768,2767,-2.1337284764378097,-0.06948279718750312
37,-7.5,False,-8.5,True,2768,2841,-210.94450246561019,-0.001130013188806598
37,-6.5,False,-7.5,False,2769,2768,-2.1282517408490236,-0.06055155503801035
37,-6.5,False,-7.5,True,2769,2842,-212.46234912411182,-0.001143916963743823
37,-5.5,False,-6.5,False,2770,2769,-2.12289147483348,-0.05148544704722334
37,-5.5,False,-6.5,True,2770,2843,-213.96935878100908,-0.0011559953128962403
37,-4.5,False,-5.5,False,2771,2770,-2.1176436078834087,-0.04230597471323784
37,-4.5,False,-5.5,True,2771,2844,-215.46576030494077,-0.0011662483881068899
37,-3.5,False,-4.5,False,2772,2771,-2.1125042659148505,-0.033034214800484435
37,-3.5,False,-4.5,True,2772,2845,-216.9517746199538,-0.0011746773995211666
37,-2.5,False,-3.5,False,2773,2772,-2.1074697592461575,-0.02369090539320158
37,-2.5,False,-3.5,True,2773,2846,-218.4276150863296,-0.001181284507513279
37,-1.5,False,-2.5,False,2774,2773,-2.102536571464185,-0.014296526562928348
37,-1.5,False,-2.5,True,2774,2847,-219.89348785825473,-0.0011860727250175948
37,-0.5,False,-1.5,False,2775,2774,-2.097701349101115,-0.004871377025826187
37,-0.5,False,-1.5,True,2775,2848,-221.34959222003482,-0.0011890458291907474
37,0.5,False,-0.5,False,2776,2775,-2.0929608920529716,0.0045643519703514775
37,0.5,False,-0.5,True,2776,2849,-222.7961209024037,-0.0011902082814490064
37,1.5,False,0.5,False,2777,2776,-2.088312144678042,0.013990504381707602
37,1.5,False,0.5,True,2777,2850,-224.23326038034946,-0.0011895651550278405
37,2.5,False,1.5,False,2778,2777,-2.083752187518897,0.023386887631167946
37,2.5,False,1.5,True,2778,2851,-225.6611911537612,-0.0011871220693008646
37,3.5,False,2.5,False,2779,2778,-2.0792782295966674,0.032733200321277876
37,3.5,False,2.5,True,2779,2852,-227.08008801209155,-0.0011828851301764296
37,4.5,False,3.5,False,2780,2779,-2.074887601231552,0.04200895830144019
37,4.5,False,3.5,True,2780,2853,-228.49012028413455,-0.001176860875956389
37,5.5,False,4.5,False,2781,2780,-2.0705777473480396,0.0511934179406769
37,5.5,False,4.5,True,2781,2854,-229.89145207392892,-0.0011690562281077474
37,6.5,False,5.5,False,2782,2781,-2.0663462212258423,0.060265495364559954
37,6.5,False,5.5,True,2782,2855,-231.28424248371758,-0.0011594784464448763
37,7.5,False,6.5,False,2783,2782,-2.0621906786627022,0.06920368027838064
37,7.5,False,6.5,True,2783,2856,-232.66864582482089,-0.001148135088269721
37,8.5,False,7.5,False,2784,2783,-2.058108872516641,0.07798594280980539
37,8.5,False,7.5,True,2784,2857,-234.04481181721502,-0.0011350339710539065
37,9.5,False,8.5,False,2785,2784,-2.054098647599517,0.0865896315516948
37,9.5,False,8.5,True,2785,2858,-235.41288577854596,-0.0011201831382786787
37,10.5,False,9.5,False,2786,2785,-2.050157935894788,0.09499136065327415
37,10.5,False,9.5,True,2786,2859,-236.77300880325504,-0.0011035908280722926
37,11.5,False,10.5,False,2787,2786,-2.046284752076218,0.10316688337314205
37,11.5,False,10.5,True,2787,2860,-238.12531793244085,-0.0010852654443044975
37,12.5,False,11.5,False,2788,2787,-2.0424771893045772,0.11109094893972339
37,12.5,False,11.5,True,2788,2861,-239.46994631503642,-0.001065215529802108
37,13.5,False,12.5,False,2789,2788,-2.038733415282792,0.1187371388208254
37,13.5,False,12.5,True,2789,2862,-240.8070233608386,-0.0010434497413537892
37,14.5,False,13.5,False,2790,2789,-2.0350516685506648,0.12607767752370086
37,14.5,False,13.5,True,2790,2863,-242.13667488588683,-0.0010199768261535656
37,15.5,False,14.5,False,2791,2790,-2.031430255002306,0.13308321174535423
37,15.5,False,14.5,True,2791,2864,-243.45902325065458,-0.0009948055993053784
37,16.5,False,15.5,False,2792,2791,-2.027867544610558,0.13972254994769304
37,16.5,False,15.5,True,2792,2865,-244.77418749148222,-0.0009679449219551803
37,17.5,False,16.5,False,2793,2792,-2.0243619683440386,0.1459623520663378
37,17.5,False,16.5,True,2793,2866,-246.08228344565163,-0.0009394036795314455
37,18.5,False,17.5,False,2794,2793,-2.020912015263434,0.15176675581404156
37,18.5,False,17.5,True,2794,2867,-247.38342387047385,-0.0009091907594364054
37,19.5,False,18.5,False,2795,2794,-2.017516229785201,0.15709692151750632
37,19.5,False,18.5,True,2795,2868,-248.6777185567373,-0.0008773150273202016
37,20.5,False,19.5,False,2796,2795,-2.0141732091009317,0.16191047103039108
37,20.5,False,19.5,True,2796,2869,-249.96527443683817,-0.0008437853007414829
37,21.5,False,20.5,False,2797,2796,-2.0108816007425787,0.16616078705971327
37,21.5,False,20.5,True,2797,2870,-251.2461956878965,-0.0008086103185008371
37,22.5,False,21.5,False,2798,2797,-2.0076401002830835,0.16979612573363972
37,22.5,False,21.5,True,2798,2871,-252.5205838301369,-0.0007717987031120768
37,23.5,False,22.5,False,2799,2798,-2.0044474491646724,0.17275847497886096
37,23.5,False,22.5,True,2799,2872,-253.7885378207995,-0.0007333589125340352
37,24.5,False,23.5,False,2800,2799,-2.0013024326453603,0.17498206014241338
37,24.5,False,23.5,True,2800,2873,-255.05015414382427,-0.0006932991750400416
37,25.5,False,24.5,False,2801,2800,-1.9982038778572075,0.17639134911373144
37,25.5,False,24.5,True,2801,2874,-256.3055268955416,-0.0006516273972308802
37,26.5,False,25.5,False,2802,2801,-1.9951506519684301,0.17689832904125974
37,26.5,False,25.5,True,2802,2875,-257.55474786658203,-0.000608351028276289
37,27.5,False,26.5,False,2803,2802,-1.9921416604432807,0.17639869127361488
37,27.5,False,26.5,True,2803,2876,-258.79790662020855,-0.0005634768505896052
37,28.5,False,27.5,False,2804,2803,-1.989175845393362,0.17476632242274012
37,28.5,False,27.5,True,2804,2877,-260.03509056726,-0.0005170106419910931
37,29.5,False,28.5,False,2805,2804,-1.9862521840150578,0.171845057387118
37,29.5,False,28.5,True,2805,2878,-261.2663850378832,-0.00046895660247539024
37,30.5,False,29.5,False,2806,2805,-1.9833696871073698,0.1674357816402811
37,30.5,False,29.5,True,2806,2879,-262.4918733502204,-0.00041931632397036245
37,31.5,False,30.5,False,2807,2806,-1.980527397665952,0.16127513540087984
37,31.5,False,30.5,True,2807,2880,-263.71163687620844,-0.00036808680639806
37,32.5,False,31.5,False,2808,2807,-1.9777243895478307,0.1529978275725782
37,32.5,False,31.5,True,2808,2881,-264.925755104637,-0.0003152562925736656
37,33.5,False,32.5,False,2809,2808,-1.9749597662039093,0.1420635127505554
37,33.5,False,32.5,True,2809,2882,-266.1343057016036,-0.0002607944767874855
37,34.5,False,33.5,False,2810,2809,-1.972232659473832,0.12759532792877581
37,34.5,False,33.5,True,2810,2883,-267.3373645684961,-0.0002046255719606273
37,35.5,False,34.5,False,2811,2810,-1.9695422284406732,0.1079452124198362
37,35.5,False,34.5,True,2811,2884,-268.53500589762535,-0.00014653427686809874
37,36.5,False,35.5,False,2812,2811,-1.9668876583414772,0.07901630818101207
37,36.5,False,35.5,True,2812,2885,-269.7273022256223,-8.566117205043528e-05
37,-36.5,True,-37.5,False,2813,2738,158.01388145106455,-0.0031590715151218474
37,-35.5,True,-36.5,True,2814,2813,-0.3829312798901867,-0.07905158549898178
37,-35.5,True,-36.5,False,2814,2739,160.00450609556904,0.002833606969891199
37,-34.5,True,-35.5,True,2815,2814,-0.3948387429313698,-0.10798705917068875
37,-34.5,True,-35.5,False,2815,2740,161.97086963153268,0.0025270610819513916
37,-33.5,True,-34.5,True,2816,2815,-0.4063262521337663,-0.12763769637292308
37,-33.5,True,-34.5,False,2816,2741,163.91383819525277,0.0022383453960047777
37,-32.5,True,-33.5,True,2817,2816,-0.41741792699696134,-0.14210321010440038
37,-32.5,True,-33.5,False,2817,2742,165.83422757490726,0.001966463631343389
37,-31.5,True,-32.5,True,2818,2817,-0.42813599107381606,-0.15303296228420363
37,-31.5,True,-32.5,False,2818,2743,167.7328072156217,0.0017105018473775218
37,-30.5,True,-31.5,True,2819,2818,-0.43850095938782374,-0.16130457219251595
37,-30.5,True,-31.5,False,2819,2744,169.6103038239453,0.0014696198581689
37,-29.5,True,-30.5,True,2820,2819,-0.4485318036917505,-0.16745887854624747
37,-29.5,True,-30.5,False,2820,2745,171.4674046196509,0.0012430437134140645
37,-28.5,True,-29.5,True,2821,2820,-0.45824609859955956,-0.17186151553231932
37,-28.5,True,-29.5,False,2821,2746,173.3047602761448,0.0010300590933266921
37,-27.5,True,-28.5,True,2822,2821,-0.4676601511539218,-0.1747760907137245
37,-27.5,True,-28.5,False,2822,2747,175.12298758517656,0.0008300054894253253
37,-26.5,True,-27.5,True,2823,2822,-0.47678911600365836,-0.17640190149485888
37,-26.5,True,-27.5,False,2823,2748,176.9226718768042,0.0006422710634125136
37,-25.5,True,-26.5,True,2824,2823,-0.4856470980422216,-0.17689524937718373
37,-25.5,True,-26.5,False,2824,2749,178.70436922154354,0.0004662880929931625
37,-24.5,True,-25.5,True,2825,2824,-0.49424724408972054,-0.1763823496072888
37,-24.5,True,-25.5,False,2825,2750,180.4686084381968,0.00030152892728680346
37,-23.5,True,-24.5,True,2826,2825,-0.5026018249743203,-0.17496758629096673
37,-23.5,True,-24.5,False,2826,2751,182.215892927918,0.00014750238598071615
37,-22.5,True,-23.5,True,2827,2826,-0.5107223091786182,-0.17273902710334002
37,-22.5,True,-23.5,False,2827,2752,183.94670235255026,3.7505459699705665e-06
37,-21.5,True,-22.5,True,2828,2827,-0.5186194290573951,-0.16977224257643286
37,-21.5,True,-22.5,False,2828,2753,185.66149417309947,-0.00013015413272133382
37,-20.5,True,-21.5,True,2829,2828,-0.52630324049575,-0.166133032561126
37,-20.5,True,-21.5,False,2829,2754,187.36070506233153,-0.000254611383173482
37,-19.5,True,-20.5,True,2830,2829,-0.5337831767624266,-0.16187942354565552
37,-19.5,True,-20.5,False,2830,2755,189.04475220385856,-0.00036999544567998437
37,-18.5,True,-19.5,True,2831,2830,-0.5410680972135822,-0.15706316494116915
37,-18.5,True,-19.5,False,2831,2756,190.71403448866778,-0.0004766571506084551
37,-17.5,True,-18.5,True,2832,2831,-0.5481663314204326,-0.15173087221744658
37,-17.5,True,-18.5,False,2832,2757,192.36893361881897,-0.0005749257967858773
37,-16.5,True,-17.5,True,2833,2832,-0.555085719218539,-0.1459249155507655
37,-16.5,True,-17.5,False,2833,2758,194.00981512696524,-0.0006651108486672486
37,-15.5,True,-16.5,True,2834,2833,-0.5618336471183056,-0.1396841214849315
37,-15.5,True,-16.5,False,2834,2759,195.6370293194136,-0.0007475034725599928
37,-14.5,True,-15.5,True,2835,2834,-0.568417081460538,-0.13304433482801645
37,-14.5,True,-15.5,False,2835,2760,197.25091214961998,-0.0008223779296076739
37,-13.5,True,-14.5,True,2836,2835,-0.5748425986553656,-0.1260388744851802
37,-13.5,True,-14.5,False,2836,2761,198.85178602828927,-0.0008899928410318768
37,-12.5,True,-13.5,True,2837,2836,-0.5811164128028423,-0.11869890771323174
37,-12.5,True,-13.5,False,2837,2762,200.43996057561628,-0.0009505923392314476
37,-11.5,True,-12.5,True,2838,2837,-0.5872444009600883,-0.11105376087997677
37,-11.5,True,-12.5,False,2838,2763,202.0157333206386,-0.001004407116701643
37,-10.5,True,-11.5,True,2839,2838,-0.5932321262864804,-0.103131180284403
37,-10.5,True,-11.5,False,2839,2764,203.57939035217726,-0.0010516553833082316
37,-9.5,True,-10.5,True,2840,2839,-0.5990848592761608,-0.09495755334229915
37,-9.5,True,-10.5,False,2840,2765,205.13120692539982,-0.001092543741228299
37,-8.5,True,-9.5,True,2841,2840,-0.6048075972608444,-0.08655809807339038
37,-8.5,True,-9.5,False,2841,2766,206.67144802764804,-0.001127267985789949
37,-7.5,True,-8.5,True,2842,2841,-0.6104050823474125,-0.07795702707888305
37,-7.5,True,-8.5,False,2842,2767,208.20036890682496,-0.0011560138395129182
37,-6.5,True,-7.5,True,2843,2842,-0.6158818179361987,-0.06917769089504075
37,-6.5,True,-7.5,False,2843,2768,209.7182155653266,-0.0011789576258347883
37,-5.5,True,-6.5,True,2844,2843,-0.6212420839517421,-0.06024270462693515
37,-5.5,True,-6.5,False,2844,2769,211.22522522222386,-0.0011962668882927359
37,-4.5,True,-5.5,True,2845,2844,-0.6264899509018136,-0.05117406102158884
37,-4.5,True,-5.5,False,2845,2770,212.72162674615555,-0.0012081009603035554
37,-3.5,True,-4.5,True,2846,2845,-0.6316292928703433,-0.041993232571114945
37,-3.5,True,-4.5,False,2846,2771,214.2076410611686,-0.0012146114901354747
37,-2.5,True,-3.5,True,2847,2846,-0.6366637995390647,-0.032721264801140806
37,-2.5,True,-3.5,False,2847,2772,215.6834815275444,-0.0012159429251786709
37,-1.5,True,-2.5,True,2848,2847,-0.6415969873210372,-0.023378862566873368
37,-1.5,True,-2.5,False,2848,2773,217.1493542994695,-0.0012122329591936387
37,-0.5,True,-1.5,True,2849,2848,-0.6464322096841073,-0.013986470926226534
37,-0.5,True,-1.5,False,2849,2774,218.6054586612496,-0.0012036129458396288
37,0.5,True,-0.5,True,2850,2849,-0.6511726667322506,-0.004564351970351476
37,0.5,True,-0.5,False,2850,2775,220.05198734361846,-0.001190208281448993
37,1.5,True,0.5,True,2851,2850,-0.6558214141071801,0.00486734114487325
37,1.5,True,0.5,False,2851,2776,221.48912682156424,-0.0011721387597181951
37,2.5,True,1.5,True,2852,2851,-0.6603813712662969,0.014288491815382907
37,2.5,True,1.5,False,2852,2777,222.91705759497597,-0.001149518900720154
37,3.5,True,2.5,True,2853,2852,-0.6648553291885548,0.023678948156105755
37,3.5,True,2.5,False,2853,2778,224.33595445330633,-0.0011224582564116187
37,4.5,True,3.5,True,2854,2853,-0.6692459575536702,0.03301845063909484
37,4.5,True,3.5,False,2854,2779,225.74598672534933,-0.0010910616945950145
37,5.5,True,4.5,True,2855,2854,-0.6735558114371827,0.04228655810567254
37,5.5,True,4.5,False,2855,2780,227.1473185151437,-0.001055429663114124
37,6.5,True,5.5,True,2856,2855,-0.6777873375593799,0.051462571002527116
37,6.5,True,5.5,False,2856,2781,228.54010892493235,-0.001015658435889475
37,7.5,True,6.5,True,2857,2856,-0.68194288012252,0.06052545059964857
37,7.5,True,6.5,False,2857,2782,229.92451226603566,-0.0009718403422564019
37,8.5,True,7.5,True,2858,2857,-0.686024686268567,0.06945373281178634
37,8.5,True,7.5,False,2858,2783,231.3006782584298,-0.0009240639809292518
37,9.5,True,8.5,True,2859,2858,-0.6900349111857054,0.07822543505667134
37,9.5,True,8.5,False,2859,2784,232.66875221976073,-0.0008724144198003403
37,10.5,True,9.5,True,2860,2859,-0.6939756228904201,0.0868179543310691
37,10.5,True,9.5,False,2860,2785,234.02887524446984,-0.0008169733826695799
37,11.5,True,10.5,True,2861,2860,-0.6978488067090041,0.09520795435368326
37,11.5,True,10.5,False,2861,2786,235.38118437365563,-0.0007578194239085207
37,12.5,True,11.5,True,2862,2861,-0.7016563694806166,0.10337123918972016
37,12.5,True,11.5,False,2862,2787,236.72581275625123,-0.0006950280919697195
37,13.5,True,12.5,True,2863,2862,-0.7054001435024304,0.11128261020462947
37,13.5,True,12.5,False,2863,2788,238.06288980205338,-0.0006286720825787193
37,14.5,True,13.5,True,2864,2863,-0.7090818902345717,0.11891570245129521
37,14.5,True,13.5,False,2864,2789,239.39254132710158,-0.0005588213823702625
37,15.5,True,14.5,True,2865,2864,-0.7127033037829165,0.1262427956155755
37,15.5,True,14.5,False,2865,2790,240.71488969186936,-0.00048554340366866307
37,16.5,True,15.5,True,2866,2865,-0.7162660141746358,0.133234593344531
37,16.5,True,15.5,False,2866,2791,242.030053932697,-0.0004089031110528961
37,17.5,True,16.5,True,2867,2866,-0.7197715904411837,0.13985996303799775
37,17.5,True,16.5,False,2867,2792,243.3381498868664,-0.00032896314029344455
37,18.5,True,17.5,True,2868,2867,-0.7232215435217739,0.146085625820279
37,18.5,True,17.5,False,2868,2793,244.63929031168865,-0.00024578391020175453
37,19.5,True,18.5,True,2869,2868,-0.7266173290000495,0.15187578316342024
37,19.5,True,18.5,False,2869,2794,245.93358499795204,-0.00015942372788689803
37,20.5,True,19.5,True,2870,2869,-0.7299603496842764,0.1571916621148815
37,20.5,True,19.5,False,2870,2795,247.22114087805295,-6.993888787699138e-05
37,21.5,True,20.5,True,2871,2870,-0.7332519580426435,0.1619909546912991
37,21.5,True,20.5,False,2871,2796,248.50206212911127,2.2616234474776815e-05
37,22.5,True,21.5,True,2872,2871,-0.7364934585021103,0.16622711780135174
37,22.5,True,21.5,False,2872,2797,249.77645027135173,0.00011818909491229661
37,23.5,True,22.5,True,2873,2872,-0.739686109620564,0.16984848656155274
37,23.5,True,22.5,False,2873,2798,251.04440426201424,0.0002167288971693636
37,24.5,True,23.5,True,2874,2873,-0.7428311261398619,0.1727971336238102
37,24.5,True,23.5,False,2874,2799,252.30602058503905,0.00031818651450305873
37,25.5,True,24.5,True,2875,2874,-0.7459296809280147,0.17500737602274408
37,25.5,True,24.5,False,2875,2800,253.5613933367564,0.00042251441556353115
37,26.5,True,25.5,True,2876,2875,-0.7489829068167637,0.17640378190673134
37,26.5,True,25.5,False,2876,2801,254.81061430779684,0.0005296665943169083
37,27.5,True,26.5,True,2877,2876,-0.7519918983419416,0.1768984494116016
37,27.5,True,26.5,False,2877,2802,256.0537730614233,0.0006395985037619547
37,28.5,True,27.5,True,2878,2877,-0.7549577133918604,0.17638719456565705
37,28.5,True,27.5,False,2878,2803,257.2909570084747,0.0007522669931975484
37,29.5,True,28.5,True,2879,2878,-0.7578813747701645,0.17474404654576575
37,29.5,True,28.5,False,2879,2804,258.5222514790979,0.00086763024881702
37,30.5,True,29.5,True,2880,2879,-0.7607638716778524,0.1718130068437858
37,30.5,True,29.5,False,2880,2805,259.74773979143515,0.0009856477374224058
37,31.5,True,30.5,True,2881,2880,-0.7636061611192702,0.1673951609488923
37,31.5,True,30.5,False,2881,2806,260.9675033174233,0.001106280153063718
37,32.5,True,31.5,True,2882,2881,-0.7664091692373916,0.161227397668419
37,32.5,True,31.5,False,2882,2807,262.18162154585184,0.001229489366427037
37,33.5,True,32.5,True,2883,2882,-0.7691737925812703,0.15294474923132348
37,33.5,True,32.5,False,2883,2808,263.39017214281836,0.001355238376799243
37,34.5,True,33.5,True,2884,2883,-0.7719008993114187,0.14200731777872552
37,34.5,True,33.5,False,2884,2809,264.59323100971085,0.0014834912664621121
37,35.5,True,34.5,True,2885,2884,-0.7745913303445491,0.1275389184369095
37,35.5,True,34.5,False,2885,2810,265.79087233884013,0.0016142131573625858
37,36.5,True,35.5,True,2886,2885,-0.7772459004437025,0.10789267747487832
37,36.5,True,35.5,False,2886,2811,266.9831686668371,0.0017473701699324163
37,37.5,True,36.5,True,2887,2886,-0.7798653992543478,0.07897447252723112
37,37.5,True,36.5,False,2887,2812,268.17019092592426,0.0018829293839253394
38,-37.5,False,-38.5,False,2889,2888,-2.3829464511942398,0.07796525396099943
38,-36.5,False,-37.5,False,2890,2889,-2.370246423887451,-0.10662006699193259
38,-36.5,False,-37.5,True,2890,2965,-161.28646485294584,-7.072564570208136e-05
38,-35.5,False,-36.5,False,2891,2890,-2.3580133635670606,-0.12616578461242792
38,-35.5,False,-36.5,True,2891,2966,-163.27059108161512,-0.00012298325664479462
38,-34.5,False,-35.5,False,2892,2891,-2.346219336421612,-0.1406314841936605
38,-34.5,False,-35.5,True,2892,2967,-165.23069022281857,-0.00017430151248722223
38,-33.5,False,-34.5,False,2893,2892,-2.334838693514868,-0.15163605921992804
38,-33.5,False,-34.5,True,2893,2968,-167.16761469396982,-0.00022514979263269712
38,-32.5,False,-33.5,False,2894,2893,-2.3238478359662693,-0.16003987418410165
38,-32.5,False,-33.5,True,2894,2969,-169.08216766466575,-0.000275506806284878
38,-31.5,False,-32.5,False,2895,2894,-2.3132250089699085,-0.16637251003410858
38,-31.5,False,-32.5,True,2895,2970,-170.97510695081672,-0.00032526318713276876
38,-30.5,False,-31.5,False,2896,2895,-2.302950120557462,-0.17099157826325664
38,-30.5,False,-31.5,True,2896,2971,-172.84714852155886,-0.00037429412498687724
38,-29.5,False,-30.5,False,2897,2896,-2.2930045816679723,-0.1741546118729955
38,-29.5,False,-30.5,True,2897,2972,-174.69896966499908,-0.00042247844067976146
38,-28.5,False,-29.5,False,2898,2897,-2.2833711646248673,-0.176056100050644
38,-28.5,False,-29.5,True,2898,2973,-176.53121185250671,-0.0004697042280164141
38,-27.5,False,-28.5,False,2899,2898,-2.2740338775685203,-0.17684840667661994
38,-27.5,False,-28.5,True,2899,2974,-178.34448333591487,-0.0005158702694722335
38,-26.5,False,-27.5,False,2900,2899,-2.264977852760225,-0.17665443391046454
38,-26.5,False,-27.5,True,2900,2975,-180.1393615074584,-0.0005608859512568052
38,-25.5,False,-26.5,False,2901,2900,-2.256189246983041,-0.17557571585632467
38,-25.5,False,-26.5,True,2901,2976,-181.91639504841646,-0.0006046706275443477
38,-24.5,False,-25.5,False,2902,2901,-2.2476551525200748,-0.1736978226438444
38,-24.5,False,-25.5,True,2902,2977,-183.67610588913436,-0.0006471528021320681
38,-23.5,False,-24.5,False,2903,2902,-2.239363517408677,-0.17109410113974258
38,-23.5,False,-24.5,True,2903,2978,-185.4189910002779,-0.0006882692795703802
38,-22.5,False,-23.5,False,2904,2903,-2.2313030738486432,-0.16782834388149118
38,-22.5,False,-23.5,True,2904,2979,-187.14552403275,-0.0007279643496300447
38,-21.5,False,-22.5,False,2905,2904,-2.2234632737976554,-0.16395674316109707
38,-21.5,False,-22.5,True,2905,2980,-188.85615682161108,-0.0007661890305797866
38,-20.5,False,-21.5,False,2906,2905,-2.215834230915945,-0.15952935406176177
38,-20.5,False,-21.5,True,2906,2981,-190.55132076753944,-0.0008029003793261957
38,-19.5,False,-20.5,False,2907,2906,-2.2084066681340317,-0.15459121149054855
38,-19.5,False,-20.5,True,2907,2982,-192.23142810780422,-0.0008380608684464056
38,-18.5,False,-19.5,False,2908,2907,-2.201171870210487,-0.1491831979417609
38,-18.5,False,-19.5,True,2908,2983,-193.89687308736353,-0.0008716378265395657
38,-17.5,False,-18.5,False,2909,2908,-2.19412164072817,-0.1433427281501504
38,-17.5,False,-18.5,True,2909,2984,-195.54803303951695,-0.0009036029368514707
38,-16.5,False,-17.5,False,2910,2909,-2.187248263046527,-0.13710429690031303
38,-16.5,False,-17.5,True,2910,2985,-197.18526938450646,-0.0009339317887106348
38,-15.5,False,-16.5,False,2911,2910,-2.1805444647867773,-0.13049992299670232
38,-15.5,False,-16.5,True,2911,2986,-198.80892855355452,-0.0009626034764052855
38,-14.5,False,-15.5,False,2912,2911,-2.1740033854782155,-0.1235595133631288
38,-14.5,False,-15.5,True,2912,2987,-200.4193428450343,-0.0009896002404623729
38,-13.5,False,-14.5,False,2913,2912,-2.1676185470386287,-0.11631116496358482
38,-13.5,False,-14.5,True,2913,2988,-202.01683121876596,-0.0010149071467155557
38,-12.5,False,-13.5,False,2914,2913,-2.161383826800005,-0.10878141779851347
38,-12.5,False,-13.5,True,2914,2989,-203.60170003381936,-0.0010385117990067004
38,-11.5,False,-12.5,False,2915,2914,-2.155293432823811,-0.1009954690434064
38,-11.5,False,-12.5,True,2915,2990,-205.17424373465795,-0.001060404081797893
38,-10.5,False,-11.5,False,2916,2915,-2.1493418812801366,-0.09297735607460988
38,-10.5,False,-11.5,True,2916,2991,-206.73474548997666,-0.001080575929390551
38,-9.5,False,-10.5,False,2917,2916,-2.143523975689533,-0.08475011441380373
38,-9.5,False,-10.5,True,2917,2992,-208.28347778816112,-0.0010990211188165611
38,-8.5,False,-9.5,False,2918,2917,-2.1378347878489166,-0.07633591534370528
38,-8.5,False,-9.5,True,2918,2993,-209.82070299291433,-0.0011157350838060412
38,-7.5,False,-8.5,False,2919,2918,-2.132269640282658,-0.06775618698332338
38,-7.5,False,-8.5,True,2919,2994,-211.34667386226073,-0.0011307147475336963
38,-6.5,False,-7.5,False,2920,2919,-2.126824090076525,-0.059031721877854056
38,-6.5,False,-7.5,True,2920,2995,-212.8616340338347,-0.0011439583721138589
38,-5.5,False,-6.5,False,2921,2920,-2.1214939139675124,-0.05018277359688138
38,-5.5,False,-6.5,True,2921,2996,-214.3658184790935,-0.0011554654230444964
38,-4.5,False,-5.5,False,2922,2921,-2.116275094576352,-0.04122914440260566
38,-4.5,False,-5.5,True,2922,2997,-215.85945392885213,-0.0011652364470106044
38,-3.5,False,-4.5,False,2923,2922,-2.1111638076798442,-0.0321902657168306
38,-3.5,False,-4.5,True,2923,2998,-217.34275927232312,-0.001173272961634844
38,-2.5,False,-3.5,False,2924,2923,-2.1061564104320496,-0.023085272859193783
38,-2.5,False,-3.5,True,2924,2999,-218.81594593164982,-0.0011795773559251572
38,-1.5,False,-2.5,False,2925,2924,-2.1012494304515457,-0.013933075333450983
38,-1.5,False,-2.5,True,2925,3000,-220.2792182137482,-0.0011841528003089358
38,-0.5,False,-1.5,False,2926,2925,-2.0964395557008118,-0.004752423791753069
38,-0.5,False,-1.5,True,2926,3001,-221.73277364111533,-0.0011870031652641518
38,0.5,False,-0.5,False,2927,2926,-2.0917236250901965,0.004438025299722959
38,0.5,False,-0.5,True,2927,3002,-223.17680326312112,-0.0011881329476697638
38,1.5,False,0.5,False,2928,2927,-2.087098619746385,0.013619646342614072
38,1.5,False,0.5,True,2928,3003,-224.6114919491725,-0.0011875472040891444
38,2.5,False,1.5,False,2929,2928,-2.0825616548902133,0.022773781726272455
38,2.5,False,1.5,True,2929,3004,-226.03701866502385,-0.0011852514902867624
38,3.5,False,2.5,False,2930,2929,-2.0781099722746887,0.03188167848985085
38,3.5,False,2.5,True,2930,3005,-227.45355673340356,-0.0011812518063496792
38,4.5,False,3.5,False,2931,2930,-2.0737409331370316,0.04092442361675297
38,4.5,False,3.5,True,2931,3006,-228.86127408003006,-0.0011755545468522895
38,5.5,False,4.5,False,2932,2931,-2.069452011625657,0.04988287700944141
38,5.5,False,4.5,True,2932,3007,-230.26033346600752,-0.0011681664555561486
38,6.5,False,5.5,False,2933,2932,-2.065240788662976,0.05873760111994812
38,6.5,False,5.5,True,2933,3008,-231.65089270751093,-0.0011590945841889358
38,7.5,False,6.5,False,2934,2933,-2.0611049462114153,0.06746878610436181
38,7.5,False,6.5,True,2934,3009,-233.03310488360012,-0.001148346254886416
38,8.5,False,7.5,False,2935,2934,-2.0570422619113344,0.07605616922212821
38,8.5,False,7.5,True,2935,3010,-234.40711853293763,-0.001135929025920702
38,9.5,False,8.5,False,2936,2935,-2.053050604062662,0.08447894700465444
38,9.5,False,8.5,True,2936,3011,-235.7730778401264,-0.0011218506603646742
38,10.5,False,9.5,False,2937,2936,-2.0491279269243705,0.0927156784607069
38,10.5,False,9.5,True,2937,3012,-237.13112281232821,-0.0011061190973715798
38,11.5,False,10.5,False,2938,2937,-2.0452722663087854,0.10074417725214267
38,11.5,False,10.5,True,2938,3013,-238.48138944677618,-0.001088742425763307
38,12.5,False,11.5,False,2939,2938,-2.0414817354485137,0.10854139034044512
38,12.5,False,11.5,True,2939,3014,-239.82400988974825,-0.0010697288596355039
38,13.5,False,12.5,False,2940,2939,-2.0377545211165113,0.11608326004168629
38,13.5,False,12.5,True,2940,3015,-241.15911258752806,-0.0010490867156914016
38,14.5,False,13.5,False,2941,2940,-2.0340888799813968,0.12334456569253453
38,14.5,False,13.5,True,2941,3016,-242.48682242984077,-0.0010268243920109976
38,15.5,False,14.5,False,2942,2941,-2.0304831351809867,0.13029874016344384
38,15.5,False,14.5,True,2942,3017,-243.80726088621793,-0.0010029503479454774
38,16.5,False,15.5,False,2943,2942,-2.0269356730989045,0.13691765517337115
38,16.5,False,15.5,True,2943,3018,-245.1205461357126,-0.0009774730847958621
38,17.5,False,16.5,False,2944,2943,-2.0234449403303074,0.14317136764317162
38,17.5,False,16.5,True,2944,3019,-246.4267931903566,-0.0009504011268768883
38,18.5,False,17.5,False,2945,2944,-2.0200094408236,0.149027816997899
38,18.5,False,17.5,True,2945,3020,-247.72611401272528,-0.0009217430024824599
38,19.5,False,18.5,False,2946,2945,-2.0166277331863114,0.15445246013436564
38,19.5,False,18.5,True,2946,3021,-249.01861762795,-0.0008915072241342423
38,20.5,False,19.5,False,2947,2946,-2.0132984281438553,0.1594078263236641
38,20.5,False,19.5,True,2947,3022,-250.30441023049494,-0.0008597022672854204
38,21.5,False,20.5,False,2948,2947,-2.0100201861416167,0.16385296802897306
38,21.5,False,20.5,True,2948,3023,-251.5835952859952,-0.0008263365463326485
38,22.5,False,21.5,False,2949,2948,-2.0067917150800554,0.16774277456613815
38,22.5,False,21.5,True,2949,3024,-252.85627362843164,-0.0007914183862864787
38,23.5,False,22.5,False,2950,2949,-2.003611768174977,0.1710271022478739
38,23.5,False,22.5,True,2950,3025,-254.12254355290145,-0.0007549559876491293
38,24.5,False,23.5,False,2951,2950,-2.0004791419344485,0.17364965472358718
38,24.5,False,23.5,True,2951,3026,-255.38250090422565,-0.0007169573807431317
38,25.5,False,24.5,False,2952,2951,-1.997392674244992,0.17554651659719808
38,25.5,False,24.5,True,2952,3027,-256.63623916161987,-0.0006774303635556619
38,26.5,False,25.5,False,2953,2952,-1.9943512425601284,0.17664419501375214
38,26.5,False,25.5,True,2953,3028,-257.88384951963974,-0.0006363824133954076
38,27.5,False,26.5,False,2954,2953,-1.9913537621852697,0.17685694501385446
38,27.5,False,26.5,True,2954,3029,-259.1254209656,-0.0005938205559398058
38,28.5,False,27.5,False,2955,2954,-1.988399184651911,0.17608302111213722
38,28.5,False,27.5,True,2955,3030,-260.3610403536519,-0.0005497511627356973
38,29.5,False,28.5,False,2956,2955,-1.9854864961771739,0.17419926251863757
38,29.5,False,28.5,True,2956,3031,-261.5907924756958,-0.0005041796237793924
38,30.5,False,29.5,False,2957,2956,-1.9826147162019936,0.17105298412291892
38,30.5,False,29.5,True,2957,3032,-262.81476012928977,-0.00045710979135186964
38,31.5,False,30.5,False,2958,2957,-1.9797828960043375,0.1664492899460093
38,31.5,False,30.5,True,2958,3033,-264.03302418271085,-0.00040854297981842607
38,32.5,False,31.5,False,2959,2958,-1.9769901173823996,0.16013011843350783
38,32.5,False,31.5,True,2959,3034,-265.24566363731236,-0.00035847603887802655
38,33.5,False,32.5,False,2960,2959,-1.97423549140359,0.1517371466936356
38,33.5,False,32.5,True,2960,3035,-266.45275568731313,-0.0003068973078072431
38,34.5,False,33.5,False,2961,2960,-1.9715181572158258,0.1407397866189693
38,34.5,False,33.5,True,2961,3036,-267.6543757771473,-0.0002537771037937865
38,35.5,False,34.5,False,2962,2961,-1.968837280917512,0.12627613339683053
38,35.5,False,34.5,True,2962,3037,-268.8505976564955,-0.00019904155756730527
38,36.5,False,35.5,False,2963,2962,-1.9661920544816667,0.10672461191047562
38,36.5,False,35.5,True,2963,3038,-270.0414934331094,-0.00014248126193464064
38,37.5,False,36.5,False,2964,2963,-1.963581694733648,0.07805009317716681
38,37.5,False,36.5,True,2964,3039,-271.22713362353954,-8.326104871275008e-05
38,-37.5,True,-38.5,False,2965,2888,156.53327197786413,-0.0031917080796703768
38,-36.5,True,-37.5,True,2966,2965,-0.37388713489778524,-0.07808728274670738
38,-36.5,True,-37.5,False,2966,2889,158.5423312941606,0.0028684561253184437
38,-35.5,True,-36.5,True,2967,2966,-0.38612019521815455,-0.10676892292360053
38,-35.5,True,-36.5,False,2967,2890,160.5264575228299,0.002563979065948385
38,-34.5,True,-35.5,True,2968,2967,-0.3979142223635961,-0.12632124108208956
38,-34.5,True,-35.5,False,2968,2891,162.48655666403334,0.0022771731167331552
38,-33.5,True,-34.5,True,2969,2968,-0.4092948652703683,-0.14078234090429986
38,-33.5,True,-34.5,False,2969,2892,164.4234811351846,0.0020070296752947784
38,-32.5,True,-33.5,True,2970,2969,-0.4202857228189316,-0.15177514964780742
38,-32.5,True,-33.5,False,2970,2893,166.33803410588052,0.001752624990430241
38,-31.5,True,-32.5,True,2971,2970,-0.4309085498153138,-0.1601623566904877
38,-31.5,True,-32.5,False,2971,2894,168.2309733920315,0.0015131111648842017
38,-30.5,True,-31.5,True,2972,2971,-0.4411834382277391,-0.1664750615121008
38,-30.5,True,-31.5,False,2972,2895,170.10301496277367,0.00128770829401077
38,-29.5,True,-30.5,True,2973,2972,-0.45112897711725,-0.17107194267710135
38,-29.5,True,-30.5,False,2973,2896,171.95483610621386,0.001075697575257253
38,-28.5,True,-29.5,True,2974,2973,-0.4607623941603549,-0.17421131884553165
38,-28.5,True,-29.5,False,2974,2897,173.7870782937215,0.000876415250382089
38,-27.5,True,-28.5,True,2975,2974,-0.4700996812166949,-0.17608827611783864
38,-27.5,True,-28.5,False,2975,2898,175.60034977712968,0.0006892472644256042
38,-26.5,True,-27.5,True,2976,2975,-0.4791557060249829,-0.17685564185036884
38,-26.5,True,-27.5,False,2976,2899,177.3952279486732,0.0005136245436396435
38,-25.5,True,-26.5,True,2977,2976,-0.4879443118021811,-0.17663668356278361
38,-25.5,True,-26.5,False,2977,2900,179.17226148963124,0.00034901880961602677
38,-24.5,True,-25.5,True,2978,2977,-0.4964784062651404,-0.1755332263663452
38,-24.5,True,-25.5,False,2978,2901,180.93197233034914,0.00019493885932198471
38,-23.5,True,-24.5,True,2979,2978,-0.5047700413765455,-0.1736310737019026
38,-23.5,True,-24.5,False,2979,2902,182.6748574414927,5.092725114614443e-05
38,-22.5,True,-23.5,True,2980,2979,-0.5128304849365719,-0.17100376011994278
38,-22.5,True,-23.5,False,2980,2903,184.4013904739648,-8.344265425809069e-05
38,-21.5,True,-22.5,True,2981,2980,-0.520670284987574,-0.16771522919745316
38,-21.5,True,-22.5,False,2981,2904,186.11202326282586,-0.00020856934225289774
38,-20.5,True,-21.5,True,2982,2981,-0.5282993278692487,-0.16382179445943698
38,-20.5,True,-21.5,False,2982,2905,187.80718720875427,-0.00032482551940040007
38,-19.5,True,-20.5,True,2983,2982,-0.5357268906511905,-0.15937360771847364
38,-19.5,True,-20.5,False,2983,2906,189.487294549019,-0.000432560248149219
38,-18.5,True,-19.5,True,2984,2983,-0.542961688574735,-0.154415780285432
38,-18.5,True,-19.5,False,2984,2907,191.1527395285783,-0.0005321008692184532
38,-17.5,True,-18.5,True,2985,2984,-0.5500119180570522,-0.14898925406920702
38,-17.5,True,-18.5,False,2985,2908,192.80389948073173,-0.0006237547361432282
38,-16.5,True,-17.5,True,2986,2985,-0.5568852957386952,-0.14313148892504948
38,-16.5,True,-17.5,False,2986,2909,194.44113582572123,-0.0007078107832534354
38,-15.5,True,-16.5,True,2987,2986,-0.5635890939984449,-0.13687701266283409
38,-15.5,True,-16.5,False,2987,2910,196.0647949947693,-0.0007845409456340186
38,-14.5,True,-15.5,True,2988,2987,-0.5701301733069783,-0.13025786682656218
38,-14.5,True,-15.5,False,2988,2911,197.6752092862491,-0.0008542014472774993
38,-13.5,True,-14.5,True,2989,2988,-0.5765150117465936,-0.12330397229407765
38,-13.5,True,-14.5,False,2989,2912,199.27269765998074,-0.0009170339716281259
38,-12.5,True,-13.5,True,2990,2989,-0.5827497319852171,-0.11604343244977554
38,-12.5,True,-13.5,False,2990,2913,200.85756647503413,-0.0009732667269858688
38,-11.5,True,-12.5,True,2991,2990,-0.5888401259614113,-0.10850278723140806
38,-11.5,True,-12.5,False,2991,2914,202.43011017587273,-0.0010231154177399403
38,-10.5,True,-11.5,True,2992,2991,-0.5947916775050857,-0.1007072281545249
38,-10.5,True,-11.5,False,2992,2915,203.99061193119144,-0.0010667841311051173
38,-9.5,True,-10.5,True,2993,2992,-0.6006095830956895,-0.09268078208832532
38,-9.5,True,-10.5,False,2993,2916,205.5393442293759,-0.0011044661479070687
38,-8.5,True,-9.5,True,2994,2993,-0.6062987709362773,-0.08444646983738954
38,-8.5,True,-9.5,False,2994,2917,207.07656943412917,-0.0011363446849822385
38,-7.5,True,-8.5,True,2995,2994,-0.6118639185025643,-0.07602644430030361
38,-7.5,True,-8.5,False,2995,2918,208.6025403034755,-0.0011625935759042238
38,-6.5,True,-7.5,True,2996,2995,-0.6173094687086973,-0.06744211200843934
38,-6.5,True,-7.5,False,2996,2919,210.11750047504947,-0.0011833778959994333
38,-5.5,True,-6.5,True,2997,2996,-0.6226396448177098,-0.05871424111213761
38,-5.5,True,-6.5,False,2997,2920,211.62168492030827,-0.0011988545369612798
38,-4.5,True,-5.5,True,2998,2997,-0.6278584642088703,-0.04986305831792104
38,-4.5,True,-5.5,False,2998,2921,213.1153203700669,-0.001209172735797279
38,-3.5,True,-4.5,True,2999,2998,-0.6329697511053496,-0.040908336846651884
38,-3.5,True,-4.5,False,2999,2922,214.59862571353793,-0.0012144745623388679
38,-2.5,True,-3.5,True,3000,2999,-0.6379771483531727,-0.03186947714814046
38,-2.5,True,-3.5,False,3000,2923,216.0718123728646,-0.0012148953690970508
38,-1.5,True,-2.5,True,3001,3000,-0.6428841283336766,-0.022765581850302873
38,-1.5,True,-2.5,False,3001,2924,217.535084654963,-0.001210564206857051
38,-0.5,True,-1.5,True,3002,3001,-0.6476940030844105,-0.013615526224336687
38,-0.5,True,-1.5,False,3002,2925,218.9886400823301,-0.0012016042090542047
38,0.5,True,-0.5,True,3003,3002,-0.6524099336950258,-0.004438025299722843
38,0.5,True,-0.5,False,3003,2926,220.4326697043359,-0.0011881329476697775
38,1.5,True,0.5,True,3004,3003,-0.6570349390388373,0.00474830134437988
38,1.5,True,0.5,False,3004,2927,221.86735839038727,-0.0011702627631085317
38,2.5,True,1.5,True,3005,3004,-0.6615719038949806,0.013924866157530183
38,2.5,True,1.5,False,3005,2928,223.29288510623866,-0.001148101070280875
38,3.5,True,2.5,True,3006,3005,-0.6660235865105335,0.023073050654619832
38,3.5,True,2.5,False,3006,2929,224.70942317461834,-0.001121750642893611
38,4.5,True,3.5,True,3007,3006,-0.6703926256481907,0.03217414201309719
38,4.5,True,3.5,False,3007,2930,226.11714052124483,-0.001091309877763614
38,5.5,True,4.5,True,3008,3007,-0.6746815471595653,0.041209268319619206
38,5.5,True,4.5,False,3008,2931,227.5161999072223,-0.0010568730407947513
38,6.5,True,5.5,True,3009,3008,-0.6788927701222462,0.05015933151310859
38,6.5,True,5.5,False,3009,2932,228.9067591487257,-0.0010185304961059186
38,7.5,True,6.5,True,3010,3009,-0.683028612573807,0.05900493699886821
38,7.5,True,6.5,False,3010,2933,230.2889713248149,-0.0009763689196606191
38,8.5,True,7.5,True,3011,3010,-0.6870912968738736,0.06772631880164791
38,8.5,True,7.5,False,3011,2934,231.66298497415244,-0.0009304714986249696
38,9.5,True,8.5,True,3012,3011,-0.6910829547225603,0.07630325897843049
38,9.5,True,8.5,False,3012,2935,233.02894428134118,-0.0008809181175694433
38,10.5,True,9.5,True,3013,3012,-0.6950056318608375,0.08471499981569498
38,10.5,True,9.5,False,3013,2936,234.38698925354302,-0.0008277855325324575
38,11.5,True,10.5,True,3014,3013,-0.6988612924764368,0.09294014707925702
38,11.5,True,10.5,False,3014,2937,235.73725588799095,-0.0007711475338714592
38,12.5,True,11.5,True,3015,3014,-0.7026518233367085,0.10095656225124897
38,12.5,True,11.5,False,3015,2938,237.07987633096303,-0.0007110750987487915
38,13.5,True,12.5,True,3016,3015,-0.7063790376686825,0.10874124125618428
38,13.5,True,12.5,False,3016,2939,238.41497902874286,-0.0006476365340248193
38,14.5,True,13.5,True,3017,3016,-0.7100446788038255,0.11627017661576329
38,14.5,True,13.5,False,3017,2940,239.74268887105555,-0.0005808976102668351
38,15.5,True,14.5,True,3018,3017,-0.7136504236042356,0.12351819923774847
38,15.5,True,14.5,False,3018,2941,241.0631273274327,-0.000510921687520959
38,16.5,True,15.5,True,3019,3018,-0.7171978856863035,0.13045879507860775
38,16.5,True,15.5,False,3019,2942,242.3764125769274,-0.0004377698334417603
38,17.5,True,16.5,True,3020,3019,-0.720688618454929,0.1370638906389198
38,17.5,True,16.5,False,3020,2943,243.68265963157137,-0.0003615009343233034
38,18.5,True,17.5,True,3021,3020,-0.724124117961594,0.14330359953475866
38,18.5,True,17.5,False,3021,2944,244.98198045394008,-0.00028217179953458904
38,19.5,True,18.5,True,3022,3021,-0.7275058255989109,0.14914592006322566
38,19.5,True,18.5,False,3022,2945,246.27448406916477,-0.00019983725981720512
38,20.5,True,19.5,True,3023,3022,-0.730835130641367,0.15455637048895415
38,20.5,True,19.5,False,3023,2946,247.56027667170972,-0.00011455025987068177
38,21.5,True,20.5,True,3024,3023,-0.7341133726436055,0.15949754433522279
38,21.5,True,20.5,False,3024,2947,248.83946172720997,-2.636194561481654e-05
38,22.5,True,21.5,True,3025,3024,-0.7373418437051527,0.16392856167875158
38,22.5,True,21.5,False,3025,2948,250.11214006964644,6.467825351080438e-05
38,23.5,True,22.5,True,3026,3025,-0.7405217906102592,0.16780438340129203
38,23.5,True,22.5,False,3026,2949,251.37840999411623,0.00015852254687925463
38,24.5,True,23.5,True,3027,3026,-0.7436544168507595,0.17107494207438412
38,24.5,True,23.5,False,3027,2950,252.63836734544043,0.00025512470933177736
38,25.5,True,24.5,True,3028,3027,-0.7467408845402446,0.1736840232395287
38,25.5,True,24.5,False,3028,2951,253.89210560283465,0.0003544400118765141
38,26.5,True,25.5,True,3029,3028,-0.7497823162250654,0.17556780023871438
38,26.5,True,25.5,False,3029,2952,255.13971596085457,0.00045642515616448076
38,27.5,True,26.5,True,3030,3029,-0.7527797965999525,0.1766528773934703
38,27.5,True,26.5,False,3030,2953,256.38128740681475,0.0005610382125035891
38,28.5,True,27.5,True,3031,3030,-0.7557343741333113,0.17685361749493472
38,28.5,True,27.5,False,3031,2954,257.61690679486674,0.0006682385611841462
38,29.5,True,28.5,True,3032,3031,-0.7586470626080484,0.1760683963181526
38,29.5,True,28.5,False,3032,2955,258.84665891691054,0.0007779868369066224
38,30.5,True,29.5,True,3033,3032,-0.7615188425832287,0.1741741919992764
38,30.5,True,29.5,False,3033,2956,260.0706265705045,0.0008902448761209123
38,31.5,True,30.5,True,3034,3033,-0.7643506627808847,0.17101848211281423
38,31.5,True,30.5,False,3034,2957,261.2888906239256,0.0010049756670949606
38,32.5,True,31.5,True,3035,3034,-0.7671434414028226,0.1664065664481046
38,32.5,True,31.5,False,3035,2958,262.50153007852714,0.0011221433025465437
38,33.5,True,32.5,True,3036,3035,-0.769898067381618,0.16008062735427747
38,33.5,True,32.5,False,3036,2959,263.7086221285279,0.001241712934684431
38,34.5,True,33.5,True,3037,3036,-0.772615401569368,0.15168265999480227
38,34.5,True,33.5,False,3037,2960,264.91024221836216,0.0013636507325120461
38,35.5,True,34.5,True,3038,3037,-0.7752962778677386,0.14068251772305856
38,35.5,True,34.5,False,3038,2961,266.1064640977102,0.00148792384126118
38,36.5,True,35.5,True,3039,3038,-0.7779415043035129,0.12621896657378953
38,36.5,True,35.5,False,3039,2962,267.29735987432423,0.0016145003438289662
38,37.5,True,36.5,True,3040,3039,-0.7805518640515743,0.1066716092074381
38,37.5,True,36.5,False,3040,2963,268.4830000647543,0.0017433492241026981
38,38.5,True,37.5,True,3041,3040,-0.7831281164090456,0.0780080399645479
38,38.5,True,37.5,False,3041,2964,269.6634536430789,0.0018744403320617039
39,-38.5,False,-39.5,False,3043,3042,-2.3925135944298788,0.07703127001264873
39,-37.5,False,-38.5,False,3044,3043,-2.379454199026398,-0.10543604968902755
39,-37.5,False,-38.5,True,3044,3121,-159.82480691455606,-6.761520215222418e-05
39,-36.5,False,-37.5,False,3045,3044,-2.3668837201883974,-0.12488062030525186
39,-36.5,False,-37.5,True,3045,3122,-161.8270112749856,-0.00011780511694203966
39,-35.5,False,-36.5,False,3046,3045,-2.3547723918772974,-0.13933490164797444
39,-35.5,False,-36.5,True,3046,3123,-163.8045338282661,-0.00016726177476747374
39,-34.5,False,-35.5,False,3047,3046,-2.3430929250005335,-0.15039247271933753
39,-34.5,False,-35.5,True,3047,3124,-165.75826558635873,-0.00021641255266270957
39,-33.5,False,-34.5,False,3048,3047,-2.331820248541831,-0.15889943720706798
39,-33.5,False,-34.5,True,3048,3125,-167.68904520111585,-0.00026521977907102175
39,-32.5,False,-33.5,False,3049,3048,-2.320931283010374,-0.16537609643482504
39,-32.5,False,-33.5,True,3049,3126,-169.59766317388284,-0.00031356407403466545
39,-31.5,False,-32.5,False,3050,3049,-2.3104047415455113,-0.17017345074651263
39,-31.5,False,-32.5,True,3050,3127,-171.48486563965352,-0.0003613132531920317
39,-30.5,False,-31.5,False,3051,3050,-2.3002209547736,-0.1735440183174388
39,-30.5,False,-31.5,True,3051,3128,-173.35135777718742,-0.0004083402393775099
39,-29.5,False,-30.5,False,3052,3051,-2.290361716136303,-0.17567830480266647
39,-29.5,False,-30.5,True,3052,3129,-175.19780688931212,-0.0004545282137267985
39,-28.5,False,-29.5,False,3053,3052,-2.28081014492075,-0.17672539560697373
39,-28.5,False,-29.5,True,3053,3130,-177.02484519158395,-0.0004997717734544468
39,-27.5,False,-28.5,False,3054,3053,-2.2715505646460414,-0.17680541770006727
39,-27.5,False,-28.5,True,3054,3131,-178.8330723423655,-0.0005439766880885995
39,-26.5,False,-27.5,False,3055,3054,-2.2625683948120496,-0.17601750157917212
39,-26.5,False,-27.5,True,3055,3132,-180.62305774303837,-0.0005870591546240419
39,-25.5,False,-26.5,False,3056,3055,-2.253850054309268,-0.17444509555207488
39,-25.5,False,-26.5,True,3056,3133,-182.3953426333745,-0.0006289448986932374
39,-24.5,False,-25.5,False,3057,3056,-2.245382875033407,-0.17215964296742847
39,-24.5,False,-25.5,True,3057,3134,-184.15044200393191,-0.0006695682634800453
39,-23.5,False,-24.5,False,3058,3057,-2.237155024455035,-0.1692232048725289
39,-23.5,False,-24.5,True,3058,3135,-185.88884634463517,-0.0007088713446190455
39,-22.5,False,-23.5,False,3059,3058,-2.2291554360666694,-0.16569037945441614
39,-22.5,False,-23.5,True,3059,3136,-187.61102324637164,-0.0007468031931795404
39,-21.5,False,-22.5,False,3060,3059,-2.2213737467782337,-0.1616097385259609
39,-21.5,False,-22.5,True,3060,3137,-189.31741887043134,-0.0007833190925962885
39,-20.5,False,-21.5,False,3061,3060,-2.213800240454219,-0.1570249237740912
39,-20.5,False,-21.5,True,3061,3138,-191.0084592988786,-0.0008183799080618338
39,-19.5,False,-20.5,False,3062,3061,-2.206425796893697,-0.15197549793232204
39,-19.5,False,-20.5,True,3062,3139,-192.6845517774413,-0.0008519515037043499
39,-18.5,False,-19.5,False,3063,3062,-2.199241845643371,-0.14649761594599184
39,-18.5,False,-19.5,True,3063,3140,-194.34608586119313,-0.0008840042216753326
39,-17.5,False,-18.5,False,3064,3063,-2.1922403241117507,-0.1406245616223896
39,-17.5,False,-18.5,True,3064,3141,-195.99343447216302,-0.0009145124170420429
39,-16.5,False,-17.5,False,3065,3064,-2.1854136395190267,-0.13438718220895557
39,-16.5,False,-17.5,True,3065,3142,-197.6269548770086,-0.0009434540426029119
39,-15.5,False,-16.5,False,3066,3065,-2.178754634274668,-0.12781424445336392
39,-15.5,False,-16.5,True,3066,3143,-199.2469895920171,-0.0009708102781796265
39,-14.5,False,-15.5,False,3067,3066,-2.172256554422461,-0.12093272952442628
39,-14.5,False,-15.5,True,3067,3144,-200.85386722192897,-0.0009965651994394676
39,-13.5,False,-14.5,False,3068,3067,-2.1659130208389286,-0.11376807980752086
39,-13.5,False,-14.5,True,3068,3145,-202.44790323840516,-0.00102070548181736
39,-12.5,False,-13.5,False,3069,3068,-2.159718002903489,-0.1063444074530167
39,-12.5,False,-13.5,True,3069,3146,-204.02940070336234,-0.0010432201355924113
39,-11.5,False,-12.5,False,3070,3069,-2.1536657943948114,-0.09868467227181521
39,-11.5,False,-12.5,True,3070,3147,-205.59865094187543,-0.0010641002686246166
39,-10.5,False,-11.5,False,3071,3070,-2.147750991394247,-0.09081083488605268
39,-10.5,False,-11.5,True,3071,3148,-207.15593416887927,-0.0010833388736617747
39,-9.5,False,-10.5,False,3072,3071,-2.1419684720008405,-0.08274398978386738
39,-9.5,False,-10.5,True,3072,3149,-208.70152007348912,-0.0011009306374876791
39,-8.5,False,-9.5,False,3073,3072,-2.136313377686122,-0.07450448197702784
39,-8.5,False,-9.5,True,3073,3150,-210.2356683643909,-0.0011168717695059522
39,-7.5,False,-8.5,False,3074,3073,-2.1307810961334184,-0.06611201023670916
39,-7.5,False,-8.5,True,3074,3151,-211.75862927942524,-0.0011311598476328925
39,-6.5,False,-7.5,False,3075,3074,-2.1253672454246697,-0.057585719327517736
39,-6.5,False,-7.5,True,3075,3152,-213.27064406219807,-0.0011437936796228863
39,-5.5,False,-6.5,False,3076,3075,-2.1200676594505126,-0.04894428323124152
39,-5.5,False,-6.5,True,3076,3153,-214.77194540828805,-0.0011547731781681068
39,-4.5,False,-5.5,False,3077,3076,-2.114878374434724,-0.04020598101958256
39,-4.5,False,-5.5,True,3077,3154,-216.26275788338808,-0.0011640992483053258
39,-3.5,False,-4.5,False,3078,3077,-2.109795616472411,-0.03138876677730431
39,-3.5,False,-4.5,True,3078,3155,-217.74329831550997,-0.0011717736858296497
39,-2.5,False,-3.5,False,3079,3078,-2.1048157899938644,-0.022510334777655825
39,-2.5,False,-3.5,True,3079,3156,-219.21377616319106,-0.0011777990855644355
39,-1.5,False,-2.5,False,3080,3079,-2.0999354670737915,-0.013588180958775854
39,-1.5,False,-2.5,True,3080,3157,-220.6743938614735,-0.001182178758463187
39,-0.5,False,-1.5,False,3081,3080,-2.0951513775134316,-0.00463966163430883
39,-0.5,False,-1.5,True,3081,3158,-222.12534714727548,-0.0011849166566359258
39,0.5,False,-0.5,False,3082,3081,-2.090460399630558,0.004317949712581318
39,0.5,False,-0.5,True,3082,3159,-223.56682536563426,-0.001186017305488913
39,1.5,False,0.5,False,3083,3082,-2.08585955169832,0.013267406759722027
39,1.5,False,0.5,True,3083,3160,-224.99901175817791,-0.001185485742257568
39,2.5,False,1.5,False,3084,3083,-2.0813459839798156,0.0221914350419544
39,2.5,False,1.5,True,3084,3161,-226.42208373507083,-0.0011833274602872053
39,3.5,False,2.5,False,3085,3084,-2.0769169713096574,0.031072676264385733
39,3.5,False,2.5,True,3085,3162,-227.8362131315751,-0.0011795483584850065
39,4.5,False,3.5,False,3086,3085,-2.0725699061788134,0.039893631473514726
39,4.5,False,3.5,True,3086,3163,-229.24156645027836,-0.0011741546954264998
39,5.5,False,4.5,False,3087,3086,-2.0683022922832492,0.048636602293440676
39,5.5,False,4.5,True,3087,3164,-230.6383050899552,-0.0011671530476510053
39,6.5,False,5.5,False,3088,3087,-2.0641117384993635,0.05728362937688107
39,6.5,False,5.5,True,3088,3165,-232.02658556195257,-0.0011585502717270503
39,7.5,False,6.5,False,3089,3088,-2.059995953253747,0.06581642713625674
39,7.5,False,6.5,True,3089,3166,-233.40655969492047,-0.001148353469708601
39,8.5,False,7.5,False,3090,3089,-2.0559527392569805,0.07421631370415016
39,8.5,False,7.5,True,3090,3167,-234.77837482864598,-0.0011365699576356533
39,9.5,False,8.5,False,3091,3090,-2.0519799885740326,0.08246413491874546
39,9.5,False,8.5,True,3091,3168,-236.14217399769177,-0.0011232072367645
39,10.5,False,9.5,False,3092,3091,-2.0480756780059153,0.09054018092963832
39,10.5,False,9.5,True,3092,3169,-237.49809610548652,-0.0011082729672339754
39,11.5,False,10.5,False,3093,3092,-2.044237864759765,0.098424093760816
39,11.5,False,10.5,True,3093,3170,-238.84627608946698,-0.0010917749438954427
39,12.5,False,11.5,False,3094,3093,-2.04046468238667,0.10609476383445025
39,12.5,False,11.5,True,3094,3171,-240.1868450778282,-0.00107372107404671
39,13.5,False,12.5,False,3095,3094,-2.0367543369669363,0.11353021302938983
39,13.5,False,12.5,True,3095,3172,-241.5199305383966,-0.0010541193568189403
39,14.5,False,13.5,False,3096,3095,-2.0331051035263954,0.12070746129161546
39,14.5,False,13.5,True,3096,3173,-242.84565642010472,-0.001032977863964356
39,15.5,False,14.5,False,3097,3096,-2.0295153226663274,0.1276023730886342
39,15.5,False,14.5,True,3097,3174,-244.16414328751222,-0.00101030472178821
39,16.5,False,15.5,False,3098,3097,-2.025983397392821,0.1341894790474035
39,16.5,False,15.5,True,3098,3175,-245.47550844878612,-0.000986108093946284
39,17.5,False,16.5,False,3099,3098,-2.0225077901314137,0.1404417668533108
39,17.5,False,16.5,True,3099,3176,-246.77986607752516,-0.0009603961647968461
39,18.5,False,17.5,False,3100,3099,-2.019087019914423,0.14633043379784783
39,18.5,False,17.5,True,3100,3177,-248.07732732878577,-0.0009331771229404848
39,19.5,False,18.5,False,3101,3100,-2.015719659729399,0.15182459107324353
39,19.5,False,18.5,True,3101,3178,-249.36800044964437,-0.0009044591444930779
39,20.5,False,19.5,False,3102,3101,-2.012404334017674,0.15689090677037887
39,20.5,False,19.5,True,3102,3179,-250.65199088460622,-0.0008742503755071152
39,21.5,False,20.5,False,3103,3102,-2.009139716313655,0.16149317016197848
39,21.5,False,20.5,True,3103,3180,-251.92940137615236,-0.0008425589127500969
39,22.5,False,21.5,False,3104,3103,-2.00592452701423,0.16559175366564746
39,22.5,False,21.5,True,3104,3181,-253.20033206069502,-0.0008093927817391439
39,23.5,False,22.5,False,3105,3104,-2.002757531271925,0.16914293997439755
39,23.5,False,22.5,True,3105,3182,-254.46488056019595,-0.000774759910437254
39,24.5,False,23.5,False,3106,3105,-1.9996375370018882,0.17209806876813422
39,24.5,False,23.5,True,3106,3183,-255.7231420696845,-0.0007386680962401411
39,25.5,False,24.5,False,3107,3106,-1.9965633929966486,0.17440243780665332
39,25.5,False,24.5,True,3107,3184,-256.97520944089786,-0.0007011249626128056
39,26.5,False,25.5,False,3108,3107,-1.993533987141376,0.17599386305590095
39,26.5,False,25.5,True,3108,3185,-258.22117326225066,-0.0006621378996107189
39,27.5,False,26.5,False,3109,3108,-1.9905482447232998,0.1768007548595672
39,27.5,False,26.5,True,3109,3186,-259.46112193533014,-0.0006217139788656595
39,28.5,False,27.5,False,3110,3109,-1.987605126830175,0.17673948948900198
39,28.5,False,27.5,True,3110,3187,-260.6951417480984,-0.0005798598270753506
39,29.5,False,28.5,False,3111,3110,-1.984703628830971,0.17571072408847851
39,29.5,False,28.5,True,3111,3188,-261.9233169449743,-0.0005365814298753209
39,30.5,False,29.5,False,3112,3111,-1.9818427789353166,0.17359407152733017
39,30.5,False,29.5,True,3112,3189,-263.1457297939554,-0.0004918838142135703
39,31.5,False,30.5,False,3113,3112,-1.9790216368260758,0.17024012283538084
39,31.5,False,30.5,True,3113,3190,-264.36246065093155,-0.0004457705083025431
39,32.5,False,31.5,False,3114,3113,-1.9762392923604182,0.16545796203181412
39,32.5,False,31.5,True,3114,3191,-265.57358802133285,-0.00039824256987229664
39,33.5,False,32.5,False,3115,3114,-1.9734948643366863,0.15899453700712243
39,33.5,False,32.5,True,3115,3192,-266.7791886192447,-0.0003492967136633175
39,34.5,False,33.5,False,3116,3115,-1.970787499321375,0.1504981276500934
39,34.5,False,33.5,True,3116,3193,-267.9793374241176,-0.0002989213789696817
39,35.5,False,34.5,False,3117,3116,-1.968116370534517,0.1394474119266938
39,35.5,False,34.5,True,3117,3194,-269.1741077351883,-0.00024708748364694693
39,36.5,False,35.5,False,3118,3117,-1.9654806767883883,0.12499472229563435
39,36.5,False,35.5,True,3118,3195,-270.36357122372596,-0.00019372298968867887
39,37.5,False,36.5,False,3119,3118,-1.9628796414784517,0.1055437517965833
39,37.5,False,36.5,True,3119,3196,-271.5477979832076,-0.0001386240988056755
39,38.5,False,37.5,False,3120,3119,-1.9603125116216802,0.07711841084766966
39,38.5,False,37.5,True,3120,3197,-272.7268565775225,-8.097869083371026e-05
39,-38.5,True,-39.5,False,3121,3042,155.0528391210998,-0.00322478851980048
39,-37.5,True,-38.5,True,3122,3121,-0.3646793597588385,-0.07715757333652347
39,-37.5,True,-38.5,False,3122,3043,157.0806733557708,0.002903436802315239
39,-36.5,True,-37.5,True,3123,3122,-0.3772498385968106,-0.10559060680114285
39,-36.5,True,-37.5,False,3123,3044,159.08287771620041,0.00260075331068412
39,-35.5,True,-36.5,True,3124,3123,-0.3893611669079178,-0.12504266069778586
39,-35.5,True,-36.5,False,3124,3045,161.06040026948088,0.002315616485601309
39,-34.5,True,-35.5,True,3125,3124,-0.401040633784703,-0.13949292288519208
39,-34.5,True,-35.5,False,3125,3046,163.01413202757348,0.0020470032627396993
39,-33.5,True,-34.5,True,3126,3125,-0.4123133102433769,-0.1505391049593064
39,-33.5,True,-34.5,False,3126,3047,164.94491164233062,0.00179397819556792
39,-32.5,True,-33.5,True,3127,3126,-0.42320227577482683,-0.15902968813882193
39,-32.5,True,-33.5,False,3127,3048,166.85352961509764,0.001555684006348821
39,-31.5,True,-32.5,True,3128,3127,-0.4337288172397109,-0.16548652435351058
39,-31.5,True,-32.5,False,3128,3049,168.7407320808683,0.0013313333497083808
39,-30.5,True,-31.5,True,3129,3128,-0.44391260401161503,-0.17026170223444267
39,-30.5,True,-31.5,False,3129,3050,170.6072242184022,0.0011202016097426508
39,-29.5,True,-30.5,True,3130,3129,-0.45377184264891923,-0.17360854046456597
39,-29.5,True,-30.5,False,3130,3051,172.4536733305269,0.000921620581349941
39,-28.5,True,-29.5,True,3131,3130,-0.4633234138644724,-0.17571815245407565
39,-28.5,True,-29.5,False,3131,3052,174.28071163279873,0.000734972910746469
39,-27.5,True,-28.5,True,3132,3131,-0.4725829941391737,-0.1767400952748789
39,-27.5,True,-28.5,False,3132,3053,176.0889387835803,0.0005596871900198379
39,-26.5,True,-27.5,True,3133,3132,-0.4815651639731584,-0.17679486762971378
39,-26.5,True,-27.5,False,3133,3054,177.87892418425318,0.0003952336169832096
39,-25.5,True,-26.5,True,3134,3133,-0.49028350447596836,-0.17598189611482318
39,-25.5,True,-26.5,False,3134,3055,179.65120907458925,0.00024112014514973695
39,-24.5,True,-25.5,True,3135,3134,-0.4987506837517941,-0.17438486652062316
39,-24.5,True,-25.5,False,3135,3056,181.40630844514672,9.688905992354138e-05
39,-23.5,True,-24.5,True,3136,3135,-0.5069785343301874,-0.17207541337999802
39,-23.5,True,-24.5,False,3136,3057,183.14471278584995,-3.788607350283595e-05
39,-22.5,True,-23.5,True,3137,3136,-0.5149781227185457,-0.1691157517863057
39,-22.5,True,-23.5,False,3137,3058,184.86688968758642,-0.00016360313718915068
39,-21.5,True,-22.5,True,3138,3137,-0.5227598120069672,-0.16556060380040877
39,-21.5,True,-22.5,False,3138,3059,186.57328531164615,-0.0002806339024610325
39,-20.5,True,-21.5,True,3139,3138,-0.5303333183310031,-0.16145864033406215
39,-20.5,True,-21.5,False,3139,3060,188.26432574009337,-0.0003893262213666359
39,-19.5,True,-20.5,True,3140,3139,-0.5377077618915251,-0.15685358164668828
39,-19.5,True,-20.5,False,3140,3061,189.94041821865608,-0.0004900059973345586
39,-18.5,True,-19.5,True,3141,3140,-0.5448917131418511,-0.151785051907557
39,-18.5,True,-19.5,False,3141,3062,191.6019523024079,-0.0005829789607977337
39,-17.5,True,-18.5,True,3142,3141,-0.5518932346734715,-0.14628925309685406
39,-17.5,True,-18.5,False,3142,3063,193.2493009133778,-0.0006685322721486345
39,-16.5,True,-17.5,True,3143,3142,-0.5587199192661672,-0.14039950388607758
39,-16.5,True,-17.5,False,3143,3064,194.8828213182234,-0.0007469359714907364
39,-15.5,True,-16.5,True,3144,3143,-0.5653789245105827,-0.1341466760501628
39,-15.5,True,-16.5,False,3144,3065,196.50285603323184,-0.0008184442921669611
39,-14.5,True,-15.5,True,3145,3144,-0.571877004362733,-0.1275595520469669
39,-14.5,True,-15.5,False,3145,3066,198.10973366314377,-0.0008832968529179695
39,-13.5,True,-14.5,True,3146,3145,-0.5782205379462937,-0.12066512120526741
39,-13.5,True,-14.5,False,3146,3067,199.70376967961994,-0.0009417197416858119
39,-12.5,True,-13.5,True,3147,3146,-0.5844155558817334,-0.11348882758291769
39,-12.5,True,-13.5,False,3147,3068,201.28526714457712,-0.0009939265025013214
39,-11.5,True,-12.5,True,3148,3147,-0.5904677643904108,-0.10605477941100457
39,-11.5,True,-12.5,False,3148,3069,202.8545173830902,-0.0010401190355229985
39,-10.5,True,-11.5,True,3149,3148,-0.5963825673909753,-0.09838592774758811
39,-10.5,True,-11.5,False,3149,3070,204.41180061009405,-0.0010804884191094703
39,-9.5,True,-10.5,True,3150,3149,-0.6021650867843533,-0.09050422027249885
39,-9.5,True,-10.5,False,3150,3071,205.95738651470396,-0.0011152156617800888
39,-8.5,True,-9.5,True,3151,3150,-0.6078201810991004,-0.08243073489090495
39,-8.5,True,-9.5,False,3151,3072,207.49153480560568,-0.001144472391017181
39,-7.5,True,-8.5,True,3152,3151,-0.6133524626518039,-0.07418579685964526
39,-7.5,True,-8.5,False,3152,3073,209.01449572064,-0.0011684214850844526
39,-6.5,True,-7.5,True,3153,3152,-0.6187663133605525,-0.06578908242400443
39,-6.5,True,-7.5,False,3153,3074,210.52651050341285,-0.001187217653348499
39,-5.5,True,-6.5,True,3154,3153,-0.6240658993347097,-0.057259711395162734
39,-5.5,True,-6.5,False,3154,3075,212.02781184950283,-0.0012010079699919744
39,-4.5,True,-5.5,True,3155,3154,-0.6292551843504981,-0.04861633066815292
39,-4.5,True,-5.5,False,3155,3076,213.51862432460285,-0.0012099323654787913
39,-3.5,True,-4.5,True,3156,3155,-0.6343379423127828,-0.03987719034648831
39,-3.5,True,-4.5,False,3156,3077,214.99916475672478,-0.0012141240796696418
39,-2.5,True,-3.5,True,3157,3156,-0.6393177687913578,-0.031060213880622283
39,-2.5,True,-3.5,False,3157,3078,216.46964260440583,-0.0012137100800766148
39,-1.5,True,-2.5,True,3158,3157,-0.6441980917114307,-0.022183063426879993
39,-1.5,True,-2.5,False,3158,3079,217.93026030268828,-0.001208811448383985
39,-0.5,True,-1.5,True,3159,3158,-0.6489821812717906,-0.013263201479535112
39,-0.5,True,-1.5,False,3159,3080,219.38121358849025,-0.001199543738046538
39,0.5,True,-0.5,True,3160,3159,-0.6536731591546641,-0.004317949712581315
39,0.5,True,-0.5,False,3160,3081,220.82269180684904,-0.001186017305488913
39,1.5,True,0.5,True,3161,3160,-0.6582740070869022,0.004635454116862684
39,1.5,True,0.5,False,3161,3082,222.2548781993927,-0.0011683376171833287
39,2.5,True,1.5,True,3162,3161,-0.6627875748053782,0.01357980040915437
39,2.5,True,1.5,False,3162,3083,223.67795017628563,-0.0011466055346566037
39,3.5,True,2.5,True,3163,3162,-0.6672165874755649,0.022497852345851447
39,3.5,True,2.5,False,3163,3084,225.09207957278988,-0.0011209175792802686
39,4.5,True,3.5,True,3164,3163,-0.6715636526064088,0.03137229014676322
39,4.5,True,3.5,False,3164,3085,226.49743289149313,-0.001091366178519982
39,5.5,True,4.5,True,3165,3164,-0.675831266501973,0.04018565419978215
39,5.5,True,4.5,False,3165,3086,227.89417153116997,-0.0010580398951620868
39,6.5,True,5.5,True,3166,3165,-0.6800218202858588,0.048920286269798705
39,6.5,True,5.5,False,3166,3087,229.28245200316735,-0.001021023640893253
39,7.5,True,6.5,True,3167,3166,-0.6841376055314754,0.05755826793580058
39,7.5,True,6.5,False,3167,3088,230.66242613613525,-0.0009803988754841296
39,8.5,True,7.5,True,3168,3167,-0.6881808195282275,0.06608135532104466
39,8.5,True,7.5,False,3168,3089,232.0342412698608,-0.0009362437927106573
39,9.5,True,8.5,True,3169,3168,-0.6921535702111754,0.07447090906550485
39,9.5,True,8.5,False,3169,3090,233.39804043890658,-0.0008886334940492562
39,10.5,True,9.5,True,3170,3169,-0.696057880779307,0.08270781833637206
39,10.5,True,9.5,False,3170,3091,234.7539625467013,-0.0008376401510855748
39,11.5,True,10.5,True,3171,3170,-0.6998956940254573,0.09077241747245121
39,11.5,True,10.5,False,3171,3092,236.10214253068176,-0.0007833331574967458
39,12.5,True,11.5,True,3172,3171,-0.7036688763985239,0.09864439360003624
39,12.5,True,11.5,False,3172,3093,237.442711519043,-0.000725779271392264
39,13.5,True,12.5,True,3173,3172,-0.7073792218182859,0.10630268322506008
39,13.5,True,12.5,False,3173,3094,238.77579697961139,-0.0006650427487291324
39,14.5,True,13.5,True,3174,3173,-0.7110284552588411,0.11372535537699127
39,14.5,True,13.5,False,3174,3095,240.1015228613195,-0.0006011854684591321
39,15.5,True,14.5,True,3175,3174,-0.7146182361188949,0.12088947832386122
39,15.5,True,14.5,False,3175,3096,241.420009728727,-0.0005342670500076317
39,16.5,True,15.5,True,3176,3175,-0.7181501613923871,0.1277709661531738
39,16.5,True,15.5,False,3176,3097,242.73137489000092,-0.00046434496363741254
39,17.5,True,16.5,True,3177,3176,-0.7216257686538086,0.13434440056189006
39,17.5,True,16.5,False,3177,3098,244.03573251873993,-0.00039147463420085367
39,18.5,True,17.5,True,3178,3177,-0.7250465388707994,0.1405828219376838
39,18.5,True,17.5,False,3178,3099,245.33319377000055,-0.0003157095387481289
39,19.5,True,18.5,True,3179,3178,-0.7284138990558233,0.14645748212516935
39,19.5,True,18.5,False,3179,3100,246.62386689085915,-0.00023710129841663654
39,20.5,True,19.5,True,3180,3179,-0.7317292247675198,0.1519375489832777
39,20.5,True,19.5,False,3180,3101,247.90785732582103,-0.0001556997649960516
39,21.5,True,20.5,True,3181,3180,-0.7349938424715674,0.15698974970051383
39,21.5,True,20.5,False,3181,3102,249.18526781736713,-7.15531025332918e-05
39,22.5,True,21.5,True,3182,3181,-0.7382090317709924,0.16157793546392515
39,22.5,True,21.5,False,3182,3103,250.4561985019098,1.5292135692700486e-05
39,23.5,True,22.5,True,3183,3182,-0.7413760275133114,0.16566254389496202
39,23.5,True,22.5,False,3183,3104,251.7207470014107,0.00010479093451181131
39,24.5,True,23.5,True,3184,3183,-0.7444960217833199,0.16919992676528045
39,24.5,True,23.5,False,3184,3105,252.97900851089932,0.000196899748239901
39,25.5,True,24.5,True,3185,3184,-0.7475701657885452,0.17214149744121185
39,25.5,True,24.5,False,3185,3106,254.23107588211266,0.00029157643582448803
39,26.5,True,25.5,True,3186,3185,-0.7505995716438463,0.17443263290729202
39,26.5,True,25.5,False,3186,3107,255.47703970346546,0.0003887801995174905
39,27.5,True,26.5,True,3187,3186,-0.7535853140619224,0.17601123509261607
39,27.5,True,26.5,False,3187,3108,256.7169883765449,0.0004884715268492075
39,28.5,True,27.5,True,3188,3187,-0.7565284319550472,0.17680580861869216
39,28.5,True,27.5,False,3188,3109,257.95100818931314,0.0005906121356917361
39,29.5,True,28.5,True,3189,3188,-0.7594299299542513,0.17673283446412225
39,29.5,True,28.5,False,3189,3110,259.1791833861891,0.0006951649222226205
39,30.5,True,29.5,True,3190,3189,-0.7622907798499057,0.1756930878185107
39,30.5,True,29.5,False,3190,3111,260.40159623517013,0.0008020939116029684
39,31.5,True,30.5,True,3191,3190,-0.7651119219591465,0.17356631705447387
39,31.5,True,30.5,False,3191,3112,261.61832709214633,0.0009113642112070099
39,32.5,True,31.5,True,3192,3191,-0.7678942664248041,0.17020327220768644
39,32.5,True,31.5,False,3192,3113,262.8294544625476,0.0010229419662472047
39,33.5,True,32.5,True,3193,3192,-0.7706386944484933,0.16541322906310604
39,33.5,True,32.5,False,3193,3114,264.0350550604595,0.0011367943176458924
39,34.5,True,33.5,True,3194,3193,-0.7733460594638473,0.15894337499260947
39,34.5,True,33.5,False,3194,3115,265.2352038653324,0.0012528893620271536
39,35.5,True,34.5,True,3195,3194,-0.7760171882507052,0.1504423029549259
39,35.5,True,34.5,False,3195,3116,266.42997417640305,0.0013711961136932817
39,36.5,True,35.5,True,3196,3195,-0.7786528819968197,0.13938912660221747
39,36.5,True,35.5,False,3196,3117,267.61943766494073,0.0014916844684797824
39,37.5,True,36.5,True,3197,3196,-0.7812539173067705,0.12493684229479561
39,37.5,True,36.5,False,3197,3118,268.8036644244223,0.0016143251693696817
39,38.5,True,37.5,True,3198,3197,-0.7838210471635421,0.10549031202830472
39,38.5,True,37.5,False,3198,3119,269.98272301873726,0.001739089773773345
39,39.5,True,38.5,True,3199,3198,-0.7863550018445267,0.07707615746152556
39,39.5,True,38.5,False,3199,3120,271.1566805285144,0.0018659506223754855
40,-39.5,False,-40.5,False,3201,3200,-2.4022623506584146,0.07612976554415411
40,-38.5,False,-39.5,False,3202,3201,-2.388829990635436,-0.1042896572217071
40,-38.5,False,-39.5,True,3202,3281,-158.36368021862214,-6.457569174556381e-05
40,-37.5,False,-38.5,False,3203,3202,-2.3759097381972083,-0.12363158369791329
40,-37.5,False,-38.5,True,3203,3282,-160.38428638866958,-0.00011274786889499776
40,-36.5,False,-37.5,False,3204,3203,-2.363469857368912,-0.1380688036910455
40,-36.5,False,-37.5,True,3204,3283,-162.37953242545046,-0.00016038930045462126
40,-35.5,False,-36.5,False,3205,3204,-2.351481299177813,-0.14917070765953994
40,-35.5,False,-36.5,True,3205,3284,-164.350350023212,-0.00020788543916684145
40,-34.5,False,-35.5,False,3206,3205,-2.3399174160403646,-0.15776980311239885
40,-34.5,False,-35.5,True,3206,3285,-166.29761517964494,-0.0002551818933227224
40,-33.5,False,-34.5,False,3207,3206,-2.3287537124005695,-0.16437756327705505
40,-33.5,False,-34.5,True,3207,3286,-168.22215274930068,-0.0003021489075361941
40,-32.5,False,-33.5,False,3208,3207,-2.3179676263048137,-0.16933871230323488
40,-32.5,False,-33.5,True,3208,3287,-170.12474052922084,-0.00034864660002092914
40,-31.5,False,-32.5,False,3209,3208,-2.3075383374768137,-0.1729010175323136
40,-31.5,False,-32.5,True,3209,3288,-172.00611293421724,-0.00039454171974373167
40,-30.5,False,-31.5,False,3210,3209,-2.2974465981744245,-0.17525121858793385
40,-30.5,False,-31.5,True,3210,3289,-173.86696431108325,-0.0004397123039473564
40,-29.5,False,-30.5,False,3211,3210,-2.2876745837006354,-0.17653530778457027
40,-29.5,False,-30.5,True,3211,3290,-175.7079519341731,-0.0004840485726503735
40,-28.5,False,-29.5,False,3212,3211,-2.278205759924404,-0.17687079921631182
40,-28.5,False,-29.5,True,3212,3291,-177.5296987190129,-0.000527452520505292
40,-27.5,False,-28.5,False,3213,3212,-2.269024765571011,-0.1763545650234155
40,-27.5,False,-28.5,True,3213,3292,-179.3327956857231,-0.0005698370578307159
40,-26.5,False,-27.5,False,3214,3213,-2.26011730737396,-0.1750680640480051
40,-26.5,False,-27.5,True,3214,3293,-181.11780419988287,-0.0006111250269156103
40,-25.5,False,-26.5,False,3215,3214,-2.2514700664602145,-0.1730809585894237
40,-25.5,False,-26.5,True,3215,3294,-182.88525801493185,-0.0006512482249841304
40,-24.5,False,-25.5,False,3216,3215,-2.2430706145733907,-0.1704536930253996
40,-24.5,False,-25.5,True,3216,3295,-184.6356651371802,-0.0006901464863725987
40,-23.5,False,-24.5,False,3217,3216,-2.2349073389359546,-0.16723938032825678
40,-23.5,False,-24.5,True,3217,3296,-186.36950953190436,-0.0007277668425623194
40,-22.5,False,-23.5,False,3218,3217,-2.2269693747168375,-0.16348521335453156
40,-22.5,False,-23.5,True,3218,3297,-188.08725268677193,-0.0007640627636633446
40,-21.5,False,-22.5,False,3219,3218,-2.219246544211309,-0.15923354140410712
40,-21.5,False,-22.5,True,3219,3298,-189.78933504691486,-0.0007989934782812009
40,-20.5,False,-21.5,False,3220,3219,-2.2117293019584423,-0.15452270571043158
40,-20.5,False,-21.5,True,3220,3299,-191.4761773342994,-0.0008325233659319062
40,-19.5,False,-20.5,False,3221,3220,-2.204408685122857,-0.1493876978902355
40,-19.5,False,-20.5,True,3221,3300,-193.14818176259547,-0.0008646214152474343
40,-18.5,False,-19.5,False,3222,3221,-2.197276268554944,-0.14386068610753291
40,-18.5,False,-19.5,True,3222,3301,-194.80573315748808,-0.0008952607411863255
40,-17.5,False,-18.5,False,3223,3222,-2.190324124015831,-0.1379714408612063
40,-17.5,False,-18.5,True,3223,3302,-196.44919999127362,-0.0009244181548214839
40,-16.5,False,-17.5,False,3224,3223,-2.1835447831196717,-0.1317476835559042
40,-16.5,False,-17.5,True,3224,3303,-198.0789353396239,-0.0009520737798229288
40,-15.5,False,-16.5,False,3225,3224,-2.1769312035985706,-0.125215374938856
40,-15.5,False,-16.5,True,3225,3304,-199.69527776755695,-0.0009782107103327431
40,-14.5,False,-15.5,False,3226,3225,-2.1704767385435417,-0.11839895618941934
40,-14.5,False,-15.5,True,3226,3305,-201.29855215091385,-0.001002814705509255
40,-13.5,False,-14.5,False,3227,3226,-2.164175108317039,-0.1113215523628995
40,-13.5,False,-14.5,True,3227,3306,-202.8890704389892,-0.0010258739165538541
40,-12.5,False,-13.5,False,3228,3227,-2.158020374866112,-0.10400514564214407
40,-12.5,False,-13.5,True,3228,3307,-204.46713236338712,-0.0010473786425240664
40,-11.5,False,-12.5,False,3229,3228,-2.1520069181976424,-0.09647072419085764
40,-11.5,False,-12.5,True,3229,3308,-206.03302609766564,-0.0010673211116759543
40,-10.5,False,-11.5,False,3230,3229,-2.1461294148044345,-0.08873841116289294
40,-10.5,False,-11.5,True,3230,3309,-207.58702887188252,-0.0010856952854657338
40,-9.5,False,-10.5,False,3231,3230,-2.140382817852938,-0.08082757748576236
40,-9.5,False,-10.5,True,3231,3310,-209.12940754575465,-0.0011024966826859962
40,-8.5,False,-9.5,False,3232,3231,-2.134762338965558,-0.07275694132321688
40,-8.5,False,-9.5,True,3232,3311,-210.66041914378792,-0.0011177222215100638
40,-7.5,False,-8.5,False,3233,3232,-2.129263431448109,-0.06454465657344736
40,-7.5,False,-8.5,True,3233,3312,-212.1803113554164,-0.0011313700774835816
40,-6.5,False,-7.5,False,3234,3233,-2.123881774828618,-0.05620839233519887
40,-6.5,False,-7.5,True,3234,3313,-213.6893230029079,-0.0011434395557330217
40,-5.5,False,-6.5,False,3235,3234,-2.118613260588006,-0.047765404944022115
40,-5.5,False,-6.5,True,3235,3314,-215.1876844795393,-0.0011539309758625653
40,-4.5,False,-5.5,False,3236,3235,-2.1134539789759827,-0.0392326039232997
40,-4.5,False,-5.5,True,3236,3315,-216.6756181603181,-0.0011628455681885592
40,-3.5,False,-4.5,False,3237,3236,-2.108400206815361,-0.03062661299353515
40,-3.5,False,-4.5,True,3237,3316,-218.1533387873242,-0.0011701853801147218
40,-2.5,False,-3.5,False,3238,3237,-2.1034483962085915,-0.021963827126853155
40,-2.5,False,-3.5,True,3238,3317,-219.62105383156296,-0.001175953191588416
40,-1.5,False,-2.5,False,3239,3238,-2.0985951640690104,-0.013260466512949317
40,-1.5,False,-2.5,True,3239,3318,-221.07896383305535,-0.001180152438696463
40,-0.5,False,-1.5,False,3240,3239,-2.093837282406227,-0.004532628211375354
40,-0.5,False,-1.5,True,3240,3319,-222.52726272074534,-0.0011827871445641068
40,0.5,False,-0.5,False,3241,3240,-2.0891716693020754,0.004203663801676525
40,0.5,False,-0.5,True,3241,3320,-223.96613811366842,-0.0011838618568125725
40,1.5,False,0.5,False,3242,3241,-2.084595380520483,0.012932409529347879
40,1.5,False,0.5,True,3242,3321,-225.39577160470577,-0.001183381590911261
40,2.5,False,1.5,False,3243,3242,-2.080105601698719,0.021637584156456488
40,2.5,False,1.5,True,3243,3322,-226.81633902813974,-0.001181351778831488
40,3.5,False,2.5,False,3244,3243,-2.0756996410733137,0.030303088930372608
40,3.5,False,2.5,True,3244,3323,-228.2280107121266,-0.0011777782224727076
40,4.5,False,3.5,False,3245,3244,-2.0713749226975864,0.03891270108373557
40,4.5,False,3.5,True,3245,3324,-229.63095171711228,-0.0011726670513838994
40,5.5,False,4.5,False,3246,3245,-2.067128980112713,0.0474500221356779
40,5.5,False,4.5,True,3246,3325,-231.02532206113733,-0.0011660246843550228
40,6.5,False,5.5,False,3247,3246,-2.062959450435784,0.05589842386245792
40,6.5,False,5.5,True,3247,3326,-232.41127693290062,-0.0011578577944928062
40,7.5,False,6.5,False,3248,3247,-2.0588640688340263,0.06424099116133535
40,7.5,False,6.5,True,3248,3327,-233.7889668933852,-0.0011481732774323195
40,8.5,False,7.5,False,3249,3248,-2.0548406633545824,0.0724604609397729
40,8.5,False,7.5,True,3249,3328,-235.1585380667886,-0.0011369782223710056
40,9.5,False,8.5,False,3250,3249,-2.0508871500842076,0.08053915604087268
40,9.5,False,8.5,True,3250,3329,-236.5201323214422,-0.0011242798856337056
40,10.5,False,9.5,False,3251,3250,-2.0470015286130945,0.08845891305888777
40,10.5,False,9.5,True,3251,3330,-237.87388744135427,-0.0011100856665062456
40,11.5,False,10.5,False,3252,3251,-2.043181877781649,0.09620100269686253
40,11.5,False,10.5,True,3252,3331,-239.21993728896376,-0.0010944030850893734
40,12.5,False,11.5,False,3253,3252,-2.039426351689144,0.10374604106010646
40,12.5,False,11.5,True,3253,3332,-240.5584119596494,-0.001077239761943022
40,13.5,False,12.5,False,3254,3253,-2.0357331759445287,0.1110738899482004
40,13.5,False,12.5,True,3254,3333,-241.88943792849784,-0.0010586033992968642
40,14.5,False,13.5,False,3255,3254,-2.0321006441441227,0.11816354378282995
40,14.5,False,13.5,True,3255,3334,-243.21313818980124,-0.0010385017636117843
40,15.5,False,14.5,False,3256,3255,-2.028527114558443,0.1249930002590132
40,15.5,False,14.5,True,3256,3335,-244.5296323897186,-0.0010169426692715328
40,16.5,False,15.5,False,3257,3256,-2.0250110070141716,0.13153911109207161
40,16.5,False,15.5,True,3257,3336,-245.839036952506,-0.0009939339631748483
40,17.5,False,16.5,False,3258,3257,-2.02155079995822,0.1377774082944001
40,17.5,False,16.5,True,3258,3337,-247.14146520069318,-0.0009694835099796125
40,18.5,False,17.5,False,3259,3258,-2.0181450276912187,0.14368190017342192
40,18.5,False,17.5,True,3259,3338,-248.4370274695574,-0.0009435991777117106
40,19.5,False,18.5,False,3260,3259,-2.014792277758346,0.14922482957869077
40,19.5,False,18.5,True,3260,3339,-249.72583121622176,-0.0009162888233989
40,20.5,False,19.5,False,3261,3260,-2.011491188488293,0.15437638467297354
40,20.5,False,19.5,True,3261,3340,-251.00798112368318,-0.0008875602783027932
40,21.5,False,20.5,False,3262,3261,-2.008240446669589,0.15910434941004503
40,21.5,False,20.5,True,3262,3341,-252.28357920005584,-0.0008574213321903514
40,22.5,False,21.5,False,3263,3262,-2.0050387853551968,0.16337367659687996
40,22.5,False,21.5,True,3263,3342,-253.5527248732954,-0.0008258797158909448
40,23.5,False,22.5,False,3264,3263,-2.00188498178818,0.16714596032806392
40,23.5,False,22.5,True,3264,3343,-254.8155150816536,-0.0007929430810742735
40,24.5,False,23.5,False,3265,3264,-1.9987778554393003,0.17037877581276273
40,24.5,False,23.5,True,3265,3344,-256.0720443600958,-0.0007586189757112092
40,25.5,False,24.5,False,3266,3265,-1.9957162661503105,0.17302484174352847
40,25.5,False,24.5,True,3266,3345,-257.3224049229002,-0.0007229148129187673
40,26.5,False,25.5,False,3267,3266,-1.9926991123763855,0.175030941045174
40,26.5,False,25.5,True,3267,3346,-258.5666867426417,-0.0006858378296540791
40,27.5,False,26.5,False,3268,3267,-1.9897253295203825,0.17633650615276017
40,27.5,False,26.5,True,3268,3347,-259.8049776257533,-0.0006473950296598959
40,28.5,False,27.5,False,3269,3268,-1.9867938883549812,0.176871728046883
40,28.5,False,27.5,True,3269,3348,-261.0373632848434,-0.000607593101502056
40,29.5,False,28.5,False,3270,3269,-1.9839037935259967,0.17655497175503096
40,29.5,False,28.5,True,3270,3349,-262.26392740793915,-0.0005664382961808244
40,30.5,False,29.5,False,3271,3270,-1.981054082131891,0.1752891516508309
40,30.5,False,29.5,True,3271,3350,-263.4847517248118,-0.0005239362369696946
40,31.5,False,30.5,False,3272,3271,-1.9782438223767258,0.17295649175737104
40,31.5,False,30.5,True,3272,3351,-264.6999160705352,-0.00048009161101639317
40,32.5,False,31.5,False,3273,3272,-1.9754721122892533,0.1694106736141041
40,32.5,False,31.5,True,3273,3352,-265.90949844641597,-0.00043490764454978404
40,33.5,False,32.5,False,3274,3273,-1.9727380785072057,0.16446454341905342
40,33.5,False,32.5,True,3274,3353,-267.1135750784272,-0.0003883851581176366
40,34.5,False,33.5,False,3275,3274,-1.970040875120901,0.15786979409397947
40,34.5,False,33.5,True,3275,3354,-268.31222047327014,-0.00034052074561241114
40,35.5,False,34.5,False,3276,3275,-1.9673796825733234,0.14928097277978641
40,35.5,False,34.5,True,3276,3355,-269.5055074721791,-0.00029130294951386425
40,36.5,False,35.5,False,3277,3276,-1.9647537066145162,0.1381855711753681
40,36.5,False,35.5,True,3277,3356,-270.69350730258174,-0.0002407032675418778
40,37.5,False,36.5,False,3278,3277,-1.9621621773050038,0.12374949315631811
40,37.5,False,36.5,True,3278,3357,-271.87628962771606,-0.00018865141247447034
40,38.5,False,37.5,False,3279,3278,-1.9596043480678418,0.10440057190448582
40,38.5,False,37.5,True,3279,3358,-273.0539225943037,-0.00013494893036185846
40,39.5,False,38.5,False,3280,3279,-1.9570794947847219,0.07621925629256562
40,39.5,False,38.5,True,3280,3359,-274.22647287837106,-7.880563360143404e-05
40,-39.5,True,-40.5,False,3281,3200,153.5725878773283,-0.0032583370237714644
40,-38.5,True,-39.5,True,3282,3281,-0.3553035681497647,-0.07626045433922958
40,-38.5,True,-39.5,False,3282,3201,155.61954665983694,0.0029385866325806593
40,-37.5,True,-38.5,True,3283,3282,-0.36822382058801395,-0.10445005296077699
40,-37.5,True,-38.5,False,3283,3202,157.64015282988436,0.0026374331213935725
40,-36.5,True,-37.5,True,3284,3283,-0.3806637014162959,-0.12380035610173235
40,-36.5,True,-37.5,False,3284,3203,159.63539886666527,0.0023537346686886653
40,-35.5,True,-36.5,True,3285,3284,-0.39265225960741645,-0.13823414073611562
40,-35.5,True,-36.5,False,3285,3204,161.60621646442675,0.0020864515839954774
40,-34.5,True,-35.5,True,3286,3285,-0.4042161427448434,-0.14932503246993675
40,-34.5,True,-35.5,False,3286,3205,163.5534816208597,0.0018346348312692016
40,-33.5,True,-34.5,True,3287,3286,-0.41537984638463854,-0.15790797108086557
40,-33.5,True,-34.5,False,3287,3206,165.47801919051545,0.0015974160846829045
40,-32.5,True,-33.5,True,3288,3287,-0.4261659324804157,-0.1644960137814388
40,-32.5,True,-33.5,False,3288,3207,167.38060697043562,0.0013739990816820917
40,-31.5,True,-32.5,True,3289,3288,-0.43659522130840855,-0.1694349950850044
40,-31.5,True,-32.5,False,3289,3208,169.26197937543202,0.0011636520786802039
40,-30.5,True,-31.5,True,3290,3289,-0.4466869606107764,-0.17297349827293718
40,-30.5,True,-31.5,False,3290,3209,171.12283075229806,0.0009657012475885262
40,-29.5,True,-30.5,True,3291,3290,-0.4564589750845869,-0.175298881964547
40,-29.5,True,-30.5,False,3291,3210,172.9638183753879,0.0007795248780773603
40,-28.5,True,-29.5,True,3292,3291,-0.46592779886081814,-0.17655761860197305
40,-28.5,True,-29.5,False,3292,3211,174.7855651602277,0.0006045482722936237
40,-27.5,True,-28.5,True,3293,3292,-0.4751087932142042,-0.1768676005609924
40,-27.5,True,-28.5,False,3293,3212,176.5886621269379,0.00044023923668725545
40,-26.5,True,-27.5,True,3294,3293,-0.4840162514112478,-0.17632600127883405
40,-26.5,True,-27.5,False,3294,3213,178.37367064109768,0.00028610409038687444
40,-25.5,True,-26.5,True,3295,3294,-0.49266349232502193,-0.17501452130464273
40,-25.5,True,-26.5,False,3295,3214,180.1411244561466,0.00014168412181184888
40,-24.5,True,-25.5,True,3296,3295,-0.5010629442118102,-0.17300301763422402
40,-24.5,True,-25.5,False,3296,3215,181.89153157839502,6.552435394852223e-06
40,-23.5,True,-24.5,True,3297,3296,-0.5092262198492676,-0.1703520916771631
40,-23.5,True,-24.5,False,3297,3216,183.62537597311913,-0.00011968886121211941
40,-22.5,True,-23.5,True,3298,3297,-0.5171641840683776,-0.16711498287362223
40,-22.5,True,-23.5,False,3298,3217,185.3431191279867,-0.0002374111719467819
40,-21.5,True,-22.5,True,3299,3298,-0.524887014573892,-0.16333898548052858
40,-21.5,True,-22.5,False,3299,3218,187.04520148812966,-0.0003469616656760491
40,-20.5,True,-21.5,True,3300,3299,-0.5324042568267799,-0.15906652945347244
40,-20.5,True,-21.5,False,3300,3219,188.73204377551417,-0.0004486652995225095
40,-19.5,True,-20.5,True,3301,3300,-0.5397248736623652,-0.15433601938271563
40,-19.5,True,-20.5,False,3301,3220,190.40404820381025,-0.0005428266393632765
40,-18.5,True,-19.5,True,3302,3301,-0.5468572902302782,-0.1491824957216509
40,-18.5,True,-19.5,False,3302,3221,192.06159959870286,-0.0006297315010500368
40,-17.5,True,-18.5,True,3303,3302,-0.5538094347693914,-0.14363816321416312
40,-17.5,True,-18.5,False,3303,3222,193.7050664324884,-0.0007096484328123602
40,-16.5,True,-17.5,True,3304,3303,-0.5605887756655221,-0.1377328185418763
40,-16.5,True,-17.5,False,3304,3223,195.3348017808387,-0.0007828300566604222
40,-15.5,True,-16.5,True,3305,3304,-0.5672023551866516,-0.13149420043463056
40,-15.5,True,-16.5,False,3305,3224,196.95114420877172,-0.0008495142843438551
40,-14.5,True,-15.5,True,3306,3305,-0.5736568202416805,-0.12494827939034428
40,-14.5,True,-15.5,False,3306,3225,198.55441859212863,-0.0009099254214800385
40,-13.5,True,-14.5,True,3307,3306,-0.5799584504681832,-0.11811949984000993
40,-13.5,True,-14.5,False,3307,3226,200.14493688020397,-0.0009642751717915367
40,-12.5,True,-13.5,True,3308,3307,-0.5861131839191103,-0.11103098449750119
40,-12.5,True,-13.5,False,3308,3227,201.7229988046019,-0.0010127635519485497
40,-11.5,True,-12.5,True,3309,3308,-0.5921266405875798,-0.10370470837773053
40,-11.5,True,-12.5,False,3309,3228,203.28889253888042,-0.0010555797262640878
40,-10.5,True,-11.5,True,3310,3309,-0.5980041439807877,-0.09616164830098792
40,-10.5,True,-11.5,False,3310,3229,204.8428953130973,-0.001092902769400701
40,-9.5,True,-10.5,True,3311,3310,-0.6037507409322842,-0.08842191245687474
40,-9.5,True,-10.5,False,3311,3230,206.38527398696942,-0.001124902364312364
40,-8.5,True,-9.5,True,3312,3311,-0.6093712198196357,-0.08050485366156569
40,-8.5,True,-9.5,False,3312,3231,207.91628558500275,-0.0011517394418159653
40,-7.5,True,-8.5,True,3313,3312,-0.6148701273371131,-0.07242916922584808
40,-7.5,True,-8.5,False,3313,3232,209.43617779663117,-0.001173566767476111
40,-6.5,True,-7.5,True,3314,3313,-0.6202517839566042,-0.06421298980082163
40,-6.5,True,-7.5,False,3314,3233,210.9451894441227,-0.0011905294808545617
40,-5.5,True,-6.5,True,3315,3314,-0.6255202981972161,-0.0558739591420482
40,-5.5,True,-6.5,False,3315,3234,212.4435509207541,-0.0012027655916291829
40,-4.5,True,-5.5,True,3316,3315,-0.6306795798092395,-0.04742930640141759
40,-4.5,True,-5.5,False,3316,3235,213.93148460153287,-0.001210406436600331
40,-3.5,True,-4.5,True,3317,3316,-0.6357333519698329,-0.03889591229720733
40,-3.5,True,-4.5,False,3317,3236,215.409205228539,-0.0012135771011799953
40,-2.5,True,-3.5,True,3318,3317,-0.6406851625766308,-0.03029037031070098
40,-2.5,True,-3.5,False,3318,3237,216.87692027277774,-0.001212396808581626
40,-1.5,True,-2.5,True,3319,3318,-0.6455383947162119,-0.02162904390038202
40,-1.5,True,-2.5,False,3319,3238,218.33483027427013,-0.0012069792795977947
40,-0.5,True,-1.5,True,3320,3319,-0.6502962763789952,-0.012928120603348263
40,-0.5,True,-1.5,False,3320,3239,219.78312916196012,-0.0011974330655598142
40,0.5,True,-0.5,True,3321,3320,-0.6549618894831468,-0.004203663801676349
40,0.5,True,-0.5,False,3321,3240,221.2220045548832,-0.001183861856812581
40,1.5,True,0.5,True,3322,3321,-0.6595381782647394,0.004528337135719275
40,1.5,True,0.5,False,3322,3241,222.65163804592055,-0.0011663647688070035
40,2.5,True,1.5,True,3323,3322,-0.6640279570864749,0.013251917671023567
40,2.5,True,1.5,False,3323,3242,224.07220546935457,-0.0011450366077071803
40,3.5,True,2.5,True,3324,3323,-0.6684339177119085,0.0219510892372334
40,3.5,True,2.5,False,3324,3243,225.48387715334138,-0.0011199681172268674
40,4.5,True,3.5,True,3325,3324,-0.6727586360876359,0.03060979007049327
40,4.5,True,3.5,False,3325,3244,226.88681815832706,-0.0010912462082448263
40,5.5,True,4.5,True,3326,3325,-0.6770045786725092,0.039211835097312436
40,5.5,True,4.5,False,3326,3245,228.2811885023521,-0.001058954172605426
40,6.5,True,5.5,True,3327,3326,-0.6811741083494383,0.04774086421252795
40,6.5,True,5.5,False,3327,3246,229.6671433741154,-0.0010231718823772511
40,7.5,True,6.5,True,3328,3327,-0.685269489951196,0.05618028823834852
40,7.5,True,6.5,False,3328,3247,231.04483333459999,-0.0009839759757279132
40,8.5,True,7.5,True,3329,3328,-0.6892928954306115,0.0645132317879622
40,8.5,True,7.5,False,3329,3248,232.4144045080034,-0.0009414400304673835
40,9.5,True,8.5,True,3330,3329,-0.6932464087010146,0.07272247216566845
40,9.5,True,8.5,False,3330,3249,233.77599876265697,-0.0008956347262172087
40,10.5,True,9.5,True,3331,3330,-0.697132030172142,0.08079037331453731
40,10.5,True,9.5,False,3331,3250,235.12975388256905,-0.0008466279960795933
40,11.5,True,10.5,True,3332,3331,-0.700951681003545,0.08869881366577817
40,11.5,True,10.5,False,3332,3251,236.4758037301786,-0.0007944851686019145
40,12.5,True,11.5,True,3333,3332,-0.7047072070960638,0.09642910654247185
40,12.5,True,11.5,False,3333,3252,237.81427840086417,-0.0007392691007659275
40,13.5,True,12.5,True,3334,3333,-0.7084003828407219,0.10396191151227124
40,13.5,True,12.5,False,3334,3253,239.1453043697126,-0.0006810403026648721
40,14.5,True,13.5,True,3335,3334,-0.7120329146410711,0.11127713475302034
40,14.5,True,13.5,False,3335,3254,240.46900463101605,-0.0006198570544804941
40,15.5,True,14.5,True,3336,3335,-0.7156064442267791,0.11835381607025225
40,15.5,True,14.5,False,3336,3255,241.7854988309334,-0.0005557755163152367
40,16.5,True,15.5,True,3337,3336,-0.7191225517710507,0.12516999965631215
40,16.5,True,15.5,False,3337,3256,243.09490339372078,-0.0004888498313936764
40,17.5,True,16.5,True,3338,3337,-0.722582758826988,0.13170258496627035
40,17.5,True,16.5,False,3338,3257,244.39733164190795,-0.00041913222310199376
40,18.5,True,17.5,True,3339,3338,-0.7259885310939893,0.13792715314830878
40,18.5,True,17.5,False,3339,3258,245.6928939107722,-0.00034667308629874883
40,19.5,True,18.5,True,3340,3339,-0.7293412810268762,0.14381776322463893
40,19.5,True,18.5,False,3340,3259,246.98169765743654,-0.00027152107329230494
40,20.5,True,19.5,True,3341,3340,-0.7326423702969294,0.14934671055696
40,20.5,True,19.5,False,3341,3260,248.26384756489796,-0.0001937231748532922
40,21.5,True,20.5,True,3342,3341,-0.7358931121156331,0.1544842378791666
40,21.5,True,20.5,False,3342,3261,249.53944564127062,-0.0001133247965974468
40,22.5,True,21.5,True,3343,3342,-0.7390947734300113,0.15919818609037045
40,22.5,True,21.5,False,3343,3262,250.80859131451018,-3.036983104998461e-05
40,23.5,True,22.5,True,3344,3343,-0.7422485769970564,0.16345356769966446
40,23.5,True,22.5,False,3344,3263,252.07138152286834,5.509927431993267e-05
40,24.5,True,23.5,True,3345,3344,-0.7453557033459361,0.16721203972890689
40,24.5,True,23.5,False,3345,3264,253.32791080131057,0.00014304145283118894
40,25.5,True,24.5,True,3346,3345,-0.7484172926348691,0.17043124411907565
40,25.5,True,24.5,False,3346,3265,254.578271364115,0.00023341695784302515
40,26.5,True,25.5,True,3347,3346,-0.7514344464088367,0.17306397082443908
40,26.5,True,25.5,False,3347,3266,255.82255318385648,0.00032618730530032606
40,27.5,True,26.5,True,3348,3347,-0.7544082292648397,0.1750570794822306
40,27.5,True,26.5,False,3348,3267,257.060844066968,0.000421315219362374
40,28.5,True,27.5,True,3349,3348,-0.7573396704302411,0.17635008587834855
40,28.5,True,27.5,False,3349,3268,258.29322972605814,0.0005187645809198318
40,29.5,True,28.5,True,3350,3349,-0.7602297652592256,0.17687327254311191
40,29.5,True,28.5,False,3350,3269,259.5197938491539,0.0006185003788183179
40,30.5,True,29.5,True,3351,3350,-0.7630794766533313,0.17654510634709397
40,30.5,True,29.5,False,3351,3270,260.7406181660266,0.0007204886636243952
40,31.5,True,30.5,True,3352,3351,-0.7658897364084964,0.17526861668264435
40,31.5,True,30.5,False,3352,3271,261.95578251175,0.0008246965037703319
40,32.5,True,31.5,True,3353,3352,-0.7686614464959689,0.1729261598522385
40,32.5,True,31.5,False,3353,3272,263.16536488763074,0.0009310919439437582
40,33.5,True,32.5,True,3354,3353,-0.7713954802779739,0.16937157293296118
40,33.5,True,32.5,False,3354,3273,264.369441519642,0.0010396439655756004
40,34.5,True,33.5,True,3355,3354,-0.7740926836643496,0.16441789011082872
40,34.5,True,33.5,False,3355,3274,265.56808691448487,0.0011503224493105962
40,35.5,True,34.5,True,3356,3355,-0.7767538762118704,0.15781703960801638
40,35.5,True,34.5,False,3356,3275,266.7613739133939,0.0012630981393377053
40,36.5,True,35.5,True,3357,3356,-0.7793798521706918,0.14922387691086056
40,36.5,True,35.5,False,3357,3276,267.9493737437965,0.0013779426094722442
40,37.5,True,36.5,True,3358,3357,-0.7819713814802185,0.1381263239139072
40,37.5,True,36.5,False,3358,3277,269.13215606893084,0.0014948282308906101
40,38.5,True,37.5,True,3359,3358,-0.7845292107173805,0.12369094175808971
40,38.5,True,37.5,False,3359,3278,270.30978903551846,0.0016137281414193131
40,39.5,True,38.5,True,3360,3359,-0.7870540640005004,0.10434672408526562
40,39.5,True,38.5,False,3360,3279,271.4823393195858,0.0017346162162925356
40,40.5,True,39.5,True,3361,3360,-0.7895466438503149,0.07617681916542976
40,40.5,True,39.5,False,3361,3280,272.6498721705202,0.0018574670402927344
41,-40.5,False,-41.5,False,3363,3362,-2.41219790539839,0.07525889139800014
41,-39.5,False,-40.5,False,3364,3363,-2.398378339502827,-0.10317896690951679
41,-39.5,False,-40.5,True,3364,3445,-156.90309967696948,-6.15978370293048e-05
41,-38.5,False,-39.5,False,3365,3364,-2.385095395778656,-0.12241714400245925
41,-38.5,False,-39.5,True,3365,3446,-158.94243985346574,-0.00010779650287605923
41,-37.5,False,-38.5,False,3366,3365,-2.372315218932826,-0.13683234592633903
41,-37.5,False,-38.5,True,3366,3447,-160.955716909392,-0.0001536642954666096
41,-36.5,False,-37.5,False,3367,3366,-2.3600068705730735,-0.14797081993031502
41,-36.5,False,-37.5,True,3367,3448,-162.9439054401127,-0.00019954467654012783
41,-35.5,False,-36.5,False,3368,3367,-2.348142013830163,-0.15665209252073997
41,-35.5,False,-36.5,True,3368,3449,-164.90792076573072,-0.0002453661342704276
41,-34.5,False,-35.5,False,3369,3368,-2.3366946386816636,-0.1633792255694369
41,-34.5,False,-35.5,True,3369,3450,-166.84862385945735,-0.0002909881387530597
41,-33.5,False,-34.5,False,3370,3369,-2.325640821910582,-0.16849097533498875
41,-33.5,False,-34.5,True,3370,3451,-168.76682576126433,-0.0003362627609359904
41,-32.5,False,-33.5,False,3371,3370,-2.3149585166542366,-0.17223060066553328
41,-32.5,False,-33.5,True,3371,3452,-170.66329154104398,-0.0003810502798351186
41,-31.5,False,-32.5,False,3372,3371,-2.3046273673257076,-0.17478127429544646
41,-31.5,False,-32.5,True,3372,3453,-172.5387438662387,-0.0004252233416726474
41,-30.5,False,-31.5,False,3373,3372,-2.2946285463703973,-0.17628606474969305
41,-30.5,False,-31.5,True,3373,3454,-174.39386622114955,-0.00046866758453730525
41,-29.5,False,-30.5,False,3374,3373,-2.2849446098773,-0.17686002109937568
41,-29.5,False,-30.5,True,3374,3455,-176.22930581861203,-0.0005112810595293069
41,-28.5,False,-29.5,False,3375,3374,-2.2755593695236342,-0.1765978890990695
41,-28.5,False,-29.5,True,3375,3456,-178.04567623922776,-0.0005529732520736816
41,-27.5,False,-28.5,False,3376,3375,-2.266457778713608,-0.17557925807407923
41,-27.5,False,-28.5,True,3376,3457,-179.8435598286798,-0.0005936640085690943
41,-26.5,False,-27.5,False,3377,3376,-2.257625831088177,-0.17387211997730562
41,-26.5,False,-27.5,True,3377,3458,-181.62350987969637,-0.0006332824893668977
41,-25.5,False,-26.5,False,3378,3377,-2.2490504698482994,-0.17153540603709524
41,-25.5,False,-26.5,True,3378,3459,-183.38605262184763,-0.0006717661948353193
41,-24.5,False,-25.5,False,3379,3378,-2.2407195065556564,-0.16862084192679327
41,-24.5,False,-25.5,True,3379,3460,-185.13168903946638,-0.0007090600796038047
41,-23.5,False,-24.5,False,3380,3379,-2.2326215482622445,-0.16517433509751647
41,-23.5,False,-24.5,True,3380,3461,-186.86089653549905,-0.0007451157562223929
41,-22.5,False,-23.5,False,3381,3380,-2.2247459319771465,-0.16123703264649508
41,-22.5,False,-23.5,True,3381,3462,-188.5741304569532,-0.0007798907835088413
41,-21.5,False,-22.5,False,3382,3381,-2.217082665613738,-0.15684614194850244
41,-21.5,False,-22.5,True,3382,3463,-190.2718254957589,-0.0008133480325231663
41,-20.5,False,-21.5,False,3383,3382,-2.2096223746722927,-0.15203557708563653
41,-20.5,False,-21.5,True,3383,3464,-191.9543969772597,-0.0008454551224825719
41,-19.5,False,-20.5,False,3384,3383,-2.2023562540125283,-0.14683647512664225
41,-19.5,False,-20.5,True,3384,3465,-193.62224204715932,-0.0008761839190978586
41,-18.5,False,-19.5,False,3385,3384,-2.1952760241501323,-0.14127761365626115
41,-18.5,False,-19.5,True,3385,3466,-195.27574076653676,-0.0009055100883274962
41,-17.5,False,-18.5,False,3386,3385,-2.188373891584945,-0.1353857523393033
41,-17.5,False,-18.5,True,3386,3467,-196.9152571234866,-0.0009334126991960861
41,-16.5,False,-17.5,False,3387,3386,-2.1816425127285726,-0.1291859153206217
41,-16.5,False,-17.5,True,3387,3468,-198.54113996901492,-0.0009598738699974388
41,-15.5,False,-16.5,False,3388,3387,-2.175074961051223,-0.12270162703293772
41,-15.5,False,-16.5,True,3388,3469,-200.1537238840095,-0.0009848784528418224
41,-14.5,False,-15.5,False,3389,3388,-2.168664697113911,-0.11595511094714799
41,-14.5,False,-15.5,True,3389,3470,-201.75332998338942,-0.0010084137521052632
41,-13.5,False,-14.5,False,3390,3389,-2.1624055411913616,-0.10896745858665755
41,-13.5,False,-14.5,True,3390,3471,-203.34026666290947,-0.0010304692728674912
41,-12.5,False,-13.5,False,3391,3390,-2.1562916482250074,-0.10175877449341048
41,-12.5,False,-13.5,True,3391,3472,-204.9148302935406,-0.0010510364959015663
41,-11.5,False,-12.5,False,3392,3391,-2.1503174848746767,-0.0943483016125098
41,-11.5,False,-12.5,True,3392,3473,-206.47730586785508,-0.0010701086761959087
41,-10.5,False,-11.5,False,3393,3392,-2.1444778084653677,-0.08675453064028431
41,-10.5,False,-11.5,True,3393,3474,-208.0279676024099,-0.001087680662354956
41,-9.5,False,-10.5,False,3394,3393,-2.13876764764575,-0.07899529617741888
41,-9.5,False,-10.5,True,3394,3475,-209.5670794997358,-0.0011037487345465307
41,-8.5,False,-9.5,False,3395,3394,-2.133182284597197,-0.07108786198775216
41,-8.5,False,-9.5,True,3395,3476,-211.09489587319354,-0.001118310458944182
41,-7.5,False,-8.5,False,3396,3395,-2.1277172386478327,-0.06304899724400852
41,-7.5,False,-8.5,True,3396,3477,-212.61166183765334,-0.0011313645568566178
41,-6.5,False,-7.5,False,3397,3396,-2.1223682511630386,-0.0548950453147006
41,-6.5,False,-7.5,True,3397,3478,-214.117613768679,-0.0011429107869515983
41,-5.5,False,-6.5,False,3398,3397,-2.1171312715957953,-0.04664198639022844
41,-5.5,False,-6.5,True,3398,3479,-215.6129797326526,-0.0011529498391664307
41,-4.5,False,-5.5,False,3399,3398,-2.1120024445937418,-0.03830549504494426
41,-4.5,False,-5.5,True,3399,3480,-217.09797989005693,-0.0011614832390628538
41,-3.5,False,-4.5,False,3400,3399,-2.1069780980693054,-0.029900993673911094
41,-3.5,False,-4.5,True,3400,3481,-218.57282687393476,-0.0011685132615248204
41,-2.5,False,-3.5,False,3401,3400,-2.102054732148872,-0.02144370261945939
41,-2.5,False,-3.5,True,3401,3482,-220.03772614536774,-0.0011740428528237978
41,-1.5,False,-2.5,False,3402,3401,-2.0972290089257655,-0.012948687706901241
41,-1.5,False,-2.5,True,3402,3483,-221.49287632765714,-0.001178075560185643
41,-0.5,False,-1.5,False,3403,3402,-2.092497742948936,-0.004430905836039928
41,-0.5,False,-1.5,True,3403,3484,-222.93846952074665,-0.0011806154680899014
41,0.5,False,-0.5,False,3404,3403,-2.087857892385159,0.004094750778158271
41,0.5,False,-0.5,True,3404,3485,-224.3746915972955,-0.0011816671406159483
41,1.5,False,0.5,False,3405,3404,-2.083306550799648,0.012613411158710635
41,1.5,False,0.5,True,3405,3486,-225.8017224816951,-0.0011812355692253239
41,2.5,False,1.5,False,3406,3405,-2.078840939504431,0.021110182377677367
41,2.5,False,1.5,True,3406,3487,-227.21973641321395,-0.0011793261254355143
41,3.5,False,2.5,False,3407,3406,-2.0744584004287674,0.029570106096077072
41,3.5,False,2.5,True,3407,3488,-228.62890219436196,-0.0011759445178966372
41,4.5,False,3.5,False,3408,3407,-2.070156389469389,0.037978114296501796
41,4.5,False,3.5,True,3408,3489,-230.0293834254749,-0.001171096753434456
41,5.5,False,4.5,False,3409,3408,-2.0659324702842667,0.04631898365089772
41,5.5,False,4.5,True,3409,3490,-231.4213387264433,-0.0011647891016673404
41,6.5,False,5.5,False,3410,3409,-2.061784308493884,0.05457728792935406
41,6.5,False,5.5,True,3410,3491,-232.80492194643625,-0.001157028062843018
41,7.5,False,6.5,False,3411,3410,-2.0577096662594982,0.06273734780217315
41,7.5,False,6.5,True,3411,3492,-234.1802823624044,-0.0011478203385772952
41,8.5,False,7.5,False,3412,3411,-2.0537063972098366,0.07078317731443193
41,8.5,False,7.5,True,3412,3493,-235.5475648670885,-0.001137172805204211
41,9.5,False,8.5,False,3413,3412,-2.049772441689896,0.07869842621611783
41,9.5,False,8.5,True,3413,3494,-236.90691014720306,-0.001125092489475089
41,10.5,False,9.5,False,3414,3413,-2.0459058223073896,0.08646631720685459
41,10.5,False,9.5,True,3414,3495,-238.25845485241513,-0.0011115865463650829
41,11.5,False,10.5,False,3415,3414,-2.042104639756559,0.09406957699565262
41,11.5,False,10.5,True,3415,3496,-239.60233175569385,-0.001096662238763261
41,12.5,False,11.5,False,3416,3415,-2.038367068897486,0.10149035987424875
41,12.5,False,11.5,True,3416,3497,-240.93866990556268,-0.0010803269188392759
41,13.5,False,12.5,False,3417,3416,-2.034691355073363,0.10871016224561006
41,13.5,False,12.5,True,3417,3498,-242.2675947707483,-0.0010625880108879899
41,14.5,False,13.5,False,3418,3417,-2.031075810649412,0.1157097262212168
41,14.5,False,13.5,True,3418,3499,-243.58922837768588,-0.00104345299546185
41,15.5,False,14.5,False,3419,3418,-2.027518811756636,0.12246892998023724
41,15.5,False,14.5,True,3419,3500,-244.9036894413067,-0.0010229293946009256
41,16.5,False,15.5,False,3420,3419,-2.0240187952273345,0.12896666204125623
41,16.5,False,15.5,True,3420,3501,-246.21109348950546,-0.0010010247579686064
41,17.5,False,16.5,False,3421,3420,-2.0205742557082544,0.13518067589213548
41,17.5,False,16.5,True,3421,3502,-247.51155298165583,-0.000977746649687018
41,18.5,False,17.5,False,3422,3421,-2.0171837429405173,0.14108742049922177
41,18.5,False,17.5,True,3422,3503,-248.80517742151937,-0.0009531026356445632
41,19.5,False,18.5,False,3423,3422,-2.0138458591934807,0.1466618409933316
41,19.5,False,18.5,True,3423,3504,-250.09207346486818,-0.0009271002710144315
41,20.5,False,19.5,False,3424,3423,-2.010559256843692,0.1518771421921327
41,20.5,False,19.5,True,3424,3505,-251.3723450221201,-0.0008997470876636569
41,21.5,False,20.5,False,3425,3424,-2.0073226360890715,0.15670450540027753
41,21.5,False,20.5,True,3425,3506,-252.64609335626767,-0.000871050581050072
41,22.5,False,21.5,False,3426,3425,-2.004134742788551,0.16111274588439145
41,22.5,False,21.5,True,3426,3507,-253.91341717636007,-0.0008410181960763683
41,23.5,False,22.5,False,3427,3426,-2.0009943664202865,0.16506789418135906
41,23.5,False,22.5,True,3427,3508,-255.17441272678366,-0.0008096573111728832
41,24.5,False,23.5,False,3428,3427,-1.997900338150714,0.1685326784018708
41,24.5,False,23.5,True,3428,3509,-256.42917387256944,-0.0007769752195862741
41,25.5,False,24.5,False,3429,3428,-1.9948515290058992,0.17146587605716918
41,25.5,False,24.5,True,3429,3510,-257.67779218094086,-0.000742979106383226
41,26.5,False,25.5,False,3430,3429,-1.9918468481415346,0.17382149126016774
41,26.5,False,25.5,True,3430,3511,-258.92035699930307,-0.0007076760189378143
41,27.5,False,26.5,False,3431,3430,-1.9888852412023255,0.1755476941299239
41,27.5,False,26.5,True,3431,3512,-260.15695552986176,-0.0006710728274717179
41,28.5,False,27.5,False,3432,3431,-1.9859656887680046,0.17658542997906881
41,28.5,False,27.5,True,3432,3513,-261.3876729010468,-0.0006331761702019698
41,29.5,False,28.5,False,3433,3432,-1.983087204878757,0.17686655963099665
41,29.5,False,28.5,True,3433,3514,-262.6125922359084,-0.0005939923741892168
41,30.5,False,29.5,False,3434,3433,-1.980248835636388,0.1763113168045563
41,30.5,False,29.5,True,3434,3515,-263.83179471763833,-0.0005535273367875643
41,31.5,False,30.5,False,3435,3434,-1.9774496578761216,0.17482474098420567
41,31.5,False,30.5,True,3435,3516,-265.0453596523656,-0.0005117863410819928
41,32.5,False,31.5,False,3436,3435,-1.9746887779051008,0.1722915193063743
41,32.5,False,31.5,True,3436,3517,-266.2533645293616,-0.00046877375620778185
41,33.5,False,32.5,False,3437,3436,-1.971965330303533,0.1685682542777621
41,33.5,False,32.5,True,3437,3518,-267.455885078785,-0.000424492527011309
41,34.5,False,33.5,False,3438,3437,-1.9692784767852913,0.16347135481798425
41,34.5,False,33.5,True,3438,3519,-268.65299532708866,-0.0003789432549293418
41,35.5,False,34.5,False,3439,3438,-1.966627405113286,0.15675701612021287
41,35.5,False,34.5,True,3439,3520,-269.844767650202,-0.00033212242603122025
41,36.5,False,35.5,False,3440,3439,-1.9640113280682385,0.14808574370078287
41,36.5,False,35.5,True,3440,3521,-271.03127282459826,-0.0002840186887730441
41,37.5,False,36.5,False,3441,3440,-1.9614294824667127,0.13695342543237543
41,37.5,False,36.5,True,3441,3522,-272.21258007634805,-0.00023460410120407796
41,38.5,False,37.5,False,3442,3441,-1.9588811282251868,0.12253892018483006
41,38.5,False,37.5,True,3442,3523,-273.3887571282547,-0.0001838100518854751
41,39.5,False,38.5,False,3443,3442,-1.95636554746946,0.10329315382327531
41,39.5,False,38.5,True,3443,3524,-274.5598702451641,-0.0001314431852292804
41,40.5,False,39.5,False,3444,3443,-1.9538820436843878,0.07535078349820026
41,40.5,False,39.5,True,3444,3525,-275.7259842775328,-7.673421011087628e-05
41,-40.5,True,-41.5,False,3445,3362,152.09252343206828,-0.003292377556279128
41,-39.5,True,-40.5,True,3446,3445,-0.3457552192824096,-0.07539408183264389
41,-39.5,True,-40.5,False,3446,3363,154.15896611818425,0.0029739412569303445
41,-38.5,True,-39.5,True,3447,3446,-0.3590381630065451,-0.10334534547571751
41,-38.5,True,-39.5,False,3447,3364,156.19830629468055,0.0026740643620049363
41,-37.5,True,-38.5,True,3448,3447,-0.371818339852382,-0.12259280402161696
41,-37.5,True,-38.5,False,3448,3365,158.21158335060682,0.002391582239393918
41,-36.5,True,-37.5,True,3449,3448,-0.3841266882121488,-0.13700515789550166
41,-36.5,True,-37.5,False,3449,3366,160.19977188132748,0.002125436369160674
41,-35.5,True,-36.5,True,3450,3449,-0.3959915449550522,-0.14813299590465412
41,-35.5,True,-36.5,False,3450,3367,162.1637872069455,0.00187466220895088
41,-34.5,True,-35.5,True,3451,3450,-0.40743892010357285,-0.15679833371554458
41,-34.5,True,-35.5,False,3451,3368,164.1044903006721,0.001638378707305997
41,-33.5,True,-34.5,True,3452,3451,-0.41849273687461164,-0.16350585190414083
41,-33.5,True,-34.5,False,3452,3369,166.02269220247916,0.0014157792078101168
41,-32.5,True,-33.5,True,3453,3452,-0.4291750421309928,-0.1685954400516412
41,-32.5,True,-33.5,False,3453,3370,167.91915798225875,0.0012061235320333882
41,-31.5,True,-32.5,True,3454,3453,-0.43950619145951464,-0.17231118897696143
41,-31.5,True,-32.5,False,3454,3371,169.79461030745347,0.0010087310655467582
41,-30.5,True,-31.5,True,3455,3454,-0.4495050124148179,-0.17483690206055968
41,-30.5,True,-31.5,False,3455,3372,171.64973266236436,0.0008229747007340042
41,-29.5,True,-30.5,True,3456,3455,-0.45918894890790796,-0.17631613669434296
41,-29.5,True,-30.5,False,3456,3373,173.48517225982684,0.0006482755141155845
41,-28.5,True,-29.5,True,3457,3456,-0.468574189261588,-0.176864326964035
41,-28.5,True,-29.5,False,3457,3374,175.30154268044254,0.0004840980755415928
41,-27.5,True,-28.5,True,3458,3457,-0.4776757800715927,-0.17657652523347994
41,-27.5,True,-28.5,False,3458,3375,177.0994262698946,0.00032994630275965433
41,-26.5,True,-27.5,True,3459,3458,-0.4865077276970453,-0.17553256682081922
41,-26.5,True,-27.5,False,3459,3376,178.87937632091115,0.00018535978820151557
41,-25.5,True,-26.5,True,3460,3459,-0.4950830889369229,-0.17380064190827388
41,-25.5,True,-26.5,False,3460,3377,180.6419190630624,4.991053589159302e-05
41,-24.5,True,-25.5,True,3461,3460,-0.5034140522295587,-0.17143984173050916
41,-24.5,True,-25.5,False,3461,3378,182.38755548068116,-7.67999444112369e-05
41,-23.5,True,-24.5,True,3462,3461,-0.5115120105229778,-0.16850202098598102
41,-23.5,True,-24.5,False,3462,3379,184.11676297671383,-0.0001951432310338611
41,-22.5,True,-23.5,True,3463,3462,-0.5193876268080686,-0.16503319077048245
41,-22.5,True,-23.5,False,3463,3380,185.82999689816802,-0.00030546631091372766
41,-21.5,True,-22.5,True,3464,3463,-0.5270508931714915,-0.16107458084620613
41,-21.5,True,-22.5,False,3464,3381,187.52769193697367,-0.00040809366013781203
41,-20.5,True,-21.5,True,3465,3464,-0.5345111841129011,-0.15666346377798074
41,-20.5,True,-21.5,False,3465,3382,189.21026341847448,-0.000503329113222709
41,-19.5,True,-20.5,True,3466,3465,-0.5417773047726939,-0.15183380418691308
41,-19.5,True,-20.5,False,3466,3383,190.8781084883741,-0.0005914575459733105
41,-18.5,True,-19.5,True,3467,3466,-0.5488575346350899,-0.1466167773278718
41,-18.5,True,-19.5,False,3467,3384,192.53160720775153,-0.0006727463934594223
41,-17.5,True,-18.5,True,3468,3467,-0.5557596672002774,-0.14104118850555308
41,-17.5,True,-18.5,False,3468,3385,194.1711235647014,-0.0007474470218341616
41,-16.5,True,-17.5,True,3469,3468,-0.5624910460566213,-0.1351338161993197
41,-16.5,True,-17.5,False,3469,3386,195.7970064102297,-0.0008157959703118232
41,-15.5,True,-16.5,True,3470,3469,-0.5690585977339992,-0.1289196957629358
41,-15.5,True,-16.5,False,3470,3387,197.4095903252243,-0.000878016077562327
41,-14.5,True,-15.5,True,3471,3470,-0.5754688616713111,-0.12242235632112675
41,-14.5,True,-15.5,False,3471,3388,199.0091964246042,-0.0009343175050055596
41,-13.5,True,-14.5,True,3472,3471,-0.5817280175938606,-0.11566402043652538
41,-13.5,True,-14.5,False,3472,3389,200.59613310412425,-0.0009848986679642355
41,-12.5,True,-13.5,True,3473,3472,-0.5878419105602148,-0.1086657738991904
41,-12.5,True,-13.5,False,3473,3390,202.17069673475538,-0.0010299470843101993
41,-11.5,True,-12.5,True,3474,3473,-0.5938160739105456,-0.10144771135072912
41,-11.5,True,-12.5,False,3474,3391,203.73317230906986,-0.0010696401491027705
41,-10.5,True,-11.5,True,3475,3474,-0.5996557503198545,-0.09402906222943762
41,-10.5,True,-11.5,False,3475,3392,205.28383404362467,-0.0011041458427195807
41,-9.5,True,-10.5,True,3476,3475,-0.6053659111394438,-0.08642830059709865
41,-9.5,True,-10.5,False,3476,3393,206.8229459409506,-0.0011336233791229048
41,-8.5,True,-9.5,True,3477,3476,-0.6109512741880252,-0.07866324170188545
41,-8.5,True,-9.5,False,3477,3394,208.3507623144083,-0.0011582238001482097
41,-7.5,True,-8.5,True,3478,3477,-0.6164163201373896,-0.07075112758849206
41,-7.5,True,-8.5,False,3478,3395,209.86752827886812,-0.0011780905210478474
41,-6.5,True,-7.5,True,3479,3478,-0.6217653076221836,-0.06270870364541156
41,-6.5,True,-7.5,False,3479,3396,211.37348020989378,-0.0011933598319441407
41,-5.5,True,-6.5,True,3480,3479,-0.627002287189427,-0.05455228765076423
41,-5.5,True,-6.5,False,3480,3397,212.86884617386738,-0.0012041613593430454
41,-4.5,True,-5.5,True,3481,3480,-0.6321311141914805,-0.04629783262065536
41,-4.5,True,-5.5,False,3481,3398,214.3538463312717,-0.0012106184914157548
41,-3.5,True,-4.5,True,3482,3481,-0.6371554607158885,-0.03796098456180211
41,-3.5,True,-4.5,False,3482,3399,215.82869331514956,-0.0012128487703637286
41,-2.5,True,-3.5,True,3483,3482,-0.6420788266363502,-0.029557136071312086
41,-2.5,True,-3.5,False,3483,3400,217.29359258658252,-0.00121096425483852
41,-1.5,True,-2.5,True,3484,3483,-0.6469045498594568,-0.021101476602204048
41,-1.5,True,-2.5,False,3484,3401,218.74874276887192,-0.001205071855082082
41,-0.5,True,-1.5,True,3485,3484,-0.6516358158362863,-0.012609040116954351
41,-0.5,True,-1.5,False,3485,3402,220.19433596196143,-0.0011952736431845837
41,0.5,True,-0.5,True,3486,3485,-0.6562756664000631,-0.004094750778158488
41,0.5,True,-0.5,False,3486,3403,221.6305580385103,-0.0011816671406159347
41,1.5,True,0.5,True,3487,3486,-0.6608270079855743,0.004426532728271093
41,1.5,True,0.5,False,3487,3404,223.05758892290987,-0.0011643455849754507
41,2.5,True,1.5,True,3488,3487,-0.6652926192807627,0.012939973678639968
41,2.5,True,1.5,False,3488,3405,224.47560285442876,-0.001143398177714309
41,3.5,True,2.5,True,3489,3488,-0.6696751583564549,0.021430714068422483
41,3.5,True,2.5,False,3489,3406,225.88476863557673,-0.001118910314417073
41,4.5,True,3.5,True,3490,3489,-0.6739771693158332,0.02988383111041489
41,4.5,True,3.5,False,3490,3407,227.28524986668967,-0.0010909637990777162
41,5.5,True,4.5,True,3491,3490,-0.6782010885009555,0.03828429293701234
41,5.5,True,4.5,False,3491,3408,228.6772051676581,-0.0010596370436714573
41,6.5,True,5.5,True,3492,3491,-0.6823492502913382,0.04661691294836998
41,6.5,True,5.5,False,3492,3409,230.06078838765103,-0.001025005254202248
41,7.5,True,6.5,True,3493,3492,-0.686423892525724,0.05486630221177032
41,7.5,True,6.5,False,3493,3410,231.43614880361918,-0.0009871406042992797
41,8.5,True,7.5,True,3494,3493,-0.6904271615753572,0.06301681926415195
41,8.5,True,7.5,False,3494,3411,232.80343130830335,-0.0009461123973374771
41,9.5,True,8.5,True,3495,3494,-0.6943611170953403,0.07105251659686511
41,9.5,True,8.5,False,3495,3412,234.16277658841784,-0.0009019872179704982
41,10.5,True,9.5,True,3496,3495,-0.6982277364778184,0.07895708300579006
41,10.5,True,9.5,False,3496,3413,235.5143212936299,-0.0008548290738864071
41,11.5,True,10.5,True,3497,3496,-0.7020289190286491,0.08671378086607999
41,11.5,True,10.5,False,3497,3414,236.85819819690863,-0.0008046995285247664
41,12.5,True,11.5,True,3498,3497,-0.7057664898877505,0.09430537723242917
41,12.5,True,11.5,False,3498,3415,238.19453634677745,-0.00075165782543177
41,13.5,True,12.5,True,3499,3498,-0.7094422037118306,0.10171406746413837
41,13.5,True,12.5,False,3499,3416,239.5234612119631,-0.0006957610048700008
41,14.5,True,13.5,True,3500,3499,-0.7130577481358102,0.10892138981754086
41,14.5,True,13.5,False,3500,3417,240.84509481890066,-0.0006370640132493879
41,15.5,True,14.5,True,3501,3500,-0.7166147470285864,0.11590812912072392
41,15.5,True,14.5,False,3501,3418,242.1595558825215,-0.0005756198058976157
41,16.5,True,15.5,True,3502,3501,-0.7201147635579019,0.12265420722537984
41,16.5,True,15.5,False,3502,3419,243.46695993072024,-0.0005114794436466498
41,17.5,True,16.5,True,3503,3502,-0.7235593030769536,0.12913855738866686
41,17.5,True,16.5,False,3503,3420,244.7674194228706,-0.0004446921836702531
41,18.5,True,17.5,True,3504,3503,-0.7269498158446766,0.13533897903349998
41,18.5,True,17.5,False,3504,3421,246.06104386273418,-0.00037530556497689636
41,19.5,True,18.5,True,3505,3504,-0.73028769959177,0.14123196841212257
41,19.5,True,18.5,False,3505,3422,247.34793990608293,-0.00030336548892587434
41,20.5,True,19.5,True,3506,3505,-0.7335743019415162,0.14679251947505528
41,20.5,True,19.5,False,3506,3423,248.62821146333488,-0.000228916295107088
41,21.5,True,20.5,True,3507,3506,-0.7368109226961366,0.15199388761106186
41,21.5,True,20.5,False,3507,3424,249.90195979748245,-0.00015200083289966575
41,22.5,True,21.5,True,3508,3507,-0.7399988159966853,0.156807306707312
41,22.5,True,21.5,False,3508,3425,251.16928361757482,-7.266052899706654e-05
41,23.5,True,22.5,True,3509,3508,-0.7431391923649215,0.16120164693711592
41,23.5,True,22.5,False,3509,3426,252.43027916799846,9.064548833013358e-06
41,24.5,True,23.5,True,3510,3509,-0.7462332206345224,0.16514299644729494
41,24.5,True,23.5,False,3510,3427,253.6850403137842,9.313563150600619e-05
41,25.5,True,24.5,True,3511,3510,-0.7492820297792804,0.16859414412547521
41,25.5,True,24.5,False,3511,3428,254.93365862215566,0.00017951519166911384
41,26.5,True,25.5,True,3512,3511,-0.7522867106436877,0.17151393200024348
41,26.5,True,25.5,False,3512,3429,256.1762234405179,0.0002681668898269763
41,27.5,True,26.5,True,3513,3512,-0.7552483175828968,0.17385643316003113
41,27.5,True,26.5,False,3513,3430,257.4128219710765,0.00035905552335019407
41,28.5,True,27.5,True,3514,3513,-0.7581678700172176,0.17556989206878984
41,28.5,True,27.5,False,3514,3431,258.64353934226165,0.0004521469781846776
41,29.5,True,28.5,True,3515,3514,-0.7610463539064654,0.17659533492900664
41,29.5,True,28.5,False,3515,3432,259.86845867712316,0.0005474081830925066
41,30.5,True,29.5,True,3516,3515,-0.7638847231488342,0.17686471154397032
41,30.5,True,29.5,False,3516,3433,261.08766115885305,0.000644807066268678
41,31.5,True,30.5,True,3517,3516,-0.7666839009091007,0.17629835477722747
41,31.5,True,30.5,False,3517,3434,262.30122609358034,0.0007443125141882114
41,32.5,True,31.5,True,3518,3517,-0.7694447808801215,0.17480141627942233
41,32.5,True,31.5,False,3518,3435,263.50923097057637,0.0008458943325481177
41,33.5,True,32.5,True,3519,3518,-0.7721682284816467,0.17225871242588783
41,33.5,True,32.5,False,3519,3436,264.71175151999984,0.0009495232091783922
41,34.5,True,33.5,True,3520,3519,-0.7748550819999309,0.16852699798686605
41,34.5,True,33.5,False,3520,3437,265.90886176830344,0.0010551706788042368
41,35.5,True,34.5,True,3521,3520,-0.7775061536719647,0.16342286629883968
41,35.5,True,34.5,False,3521,3438,267.10063409141674,0.0011628090895538148
41,36.5,True,35.5,True,3522,3521,-0.7801222307169411,0.1567027438959398
41,36.5,True,35.5,False,3522,3439,268.2871392658131,0.0012724115711026144
41,37.5,True,36.5,True,3523,3522,-0.7827040763185096,0.14802744015473074
41,37.5,True,36.5,False,3523,3440,269.4684465175628,0.0013839520043683997
41,38.5,True,37.5,True,3524,3523,-0.7852524305600355,0.13689326791336365
41,38.5,True,37.5,False,3524,3441,270.6446235694695,0.001497404992660887
41,39.5,True,38.5,True,3525,3524,-0.7877680113157624,0.12247973695398322
41,39.5,True,38.5,False,3525,3442,271.81573668637895,0.0016127458342054058
41,40.5,True,39.5,True,3526,3525,-0.7902515151008345,0.10323892540193166
41,40.5,True,39.5,False,3526,3443,272.9818507187475,0.0017299504959674842
41,41.5,True,40.5,True,3527,3526,-0.7927036178810312,0.07530817817303806
41,41.5,True,40.5,False,3527,3444,274.1430291445509,0.0018489955886969312
42,-41.5,False,-42.5,False,3529,3528,-2.4223256420837913,0.07441694144082962
42,-40.5,False,-41.5,False,3530,3529,-2.4081039475547072,-0.10210218604123189
42,-40.5,False,-41.5,True,3530,3613,-155.44308075839217,-5.867297037377889e-05
42,-39.5,False,-40.5,False,3531,3530,-2.394444801702548,-0.121235844127593
42,-39.5,False,-40.5,True,3531,3614,-157.5014959488642,-0.0001029370073882404
42,-38.5,False,-39.5,False,3532,3531,-2.381312067759019,-0.1356246739669027
42,-38.5,False,-39.5,True,3532,3615,-159.53311925954057,-0.00014706828889289117
42,-37.5,False,-38.5,False,3533,3532,-2.3686727776648127,-0.1467927520813612
42,-37.5,False,-38.5,True,3533,3616,-161.5389705461792,-0.00019136807674322378
42,-36.5,False,-37.5,False,3534,3533,-2.3564967835349364,-0.15554719461890892
42,-36.5,False,-37.5,True,3534,3617,-163.52000654859373,-0.00023574727724934484
42,-35.5,False,-36.5,False,3535,3534,-2.3447564548650845,-0.1623830376153735
42,-35.5,False,-36.5,True,3535,3618,-165.47712622820853,-0.000280054148077665
42,-34.5,False,-35.5,False,3536,3535,-2.333426414548967,-0.16763335389885345
42,-34.5,False,-35.5,True,3536,3619,-167.41117553883737,-0.00032413233519231735
42,-33.5,False,-34.5,False,3537,3536,-2.3224833079609795,-0.17153711685666953
42,-33.5,False,-34.5,True,3537,3620,-169.3229517025621,-0.0003678353303662144
42,-32.5,False,-33.5,False,3538,3537,-2.3119056003190437,-0.17427411515436153
42,-32.5,False,-33.5,True,3538,3621,-171.2132070520569,-0.00041103012503809387
42,-31.5,False,-32.5,False,3539,3538,-2.3016733983223645,-0.1759846485713564
42,-31.5,False,-32.5,True,3539,3622,-173.08265249191308,-0.0004535975573245903
42,-30.5,False,-31.5,False,3540,3539,-2.2917682927009864,-0.1767814362284278
42,-30.5,False,-31.5,True,3540,3623,-174.93196062415123,-0.0004954315552839409
42,-29.5,False,-30.5,False,3541,3540,-2.2821732188399295,-0.17675721776610945
42,-29.5,False,-30.5,True,3541,3624,-176.76176857690695,-0.0005364380323189513
42,-28.5,False,-29.5,False,3542,3541,-2.2728723330756964,-0.1759898220424194
42,-28.5,False,-29.5,True,3542,3625,-178.57268057003733,-0.0005765337189481103
42,-27.5,False,-28.5,False,3543,3542,-2.2638509026238225,-0.17454567106189067
42,-27.5,False,-28.5,True,3543,3626,-180.36527024695164,-0.0006156450414271489
42,-26.5,False,-27.5,False,3544,3543,-2.2550952073976305,-0.17248227655651546
42,-26.5,False,-27.5,True,3544,3627,-182.14008279818788,-0.0006537070880629433
42,-25.5,False,-26.5,False,3545,3544,-2.246592452228697,-0.1698500652631688
42,-25.5,False,-26.5,True,3545,3628,-183.89763689902898,-0.0006906626746335932
42,-24.5,False,-25.5,False,3546,3545,-2.2383306882114695,-0.16669374343841922
42,-24.5,False,-25.5,True,3546,3629,-185.63842648068393,-0.0007264615076945755
42,-23.5,False,-24.5,False,3547,3546,-2.2302987420720513,-0.16305333694966218
42,-23.5,False,-24.5,True,3547,3630,-187.36292235218224,-0.0007610594392933127
42,-22.5,False,-23.5,False,3548,3547,-2.222486152610877,-0.1589649977978119
42,-22.5,False,-23.5,True,3548,3631,-189.07157368807995,-0.0007944178047361136
42,-21.5,False,-22.5,False,3549,3548,-2.214883113397441,-0.1544616391570143
42,-21.5,False,-22.5,True,3549,3632,-190.76480939530305,-0.0008265028347273199
42,-20.5,False,-21.5,False,3550,3549,-2.2074804210026855,-0.1495734423101905
42,-20.5,False,-21.5,True,3550,3633,-192.44303937091797,-0.0008572851335858374
42,-19.5,False,-20.5,False,3551,3550,-2.200269428147493,-0.14432826639512664
42,-19.5,False,-20.5,True,3551,3634,-194.10665566128293,-0.0008867392159117304
42,-18.5,False,-19.5,False,3552,3551,-2.193242001225201,-0.138751983388183
42,-18.5,False,-19.5,True,3552,3635,-195.7560335318704,-0.0009148430948542733
42,-17.5,False,-18.5,False,3553,3552,-2.186390481723194,-0.13286875485891322
42,-17.5,False,-18.5,True,3553,3636,-197.3915324560336,-0.0009415779158881641
42,-16.5,False,-17.5,False,3554,3553,-2.1797076511277425,-0.1267012628634478
42,-16.5,False,-17.5,True,3554,3637,-199.0134970300993,-0.0009669276307263561
42,-15.5,False,-16.5,False,3555,3554,-2.173186698946523,-0.120270904353238
42,-15.5,False,-16.5,True,3555,3638,-200.62225782138833,-0.0009908787066470342
42,-14.5,False,-15.5,False,3556,3555,-2.16682119352609,-0.11359795629628909
42,-14.5,False,-15.5,True,3556,3639,-202.21813215507572,-0.0010134198670920783
42,-13.5,False,-14.5,False,3557,3556,-2.160605055381069,-0.10670171709890588
42,-13.5,False,-14.5,True,3557,3640,-203.8014248451977,-0.001034541859908335
42,-12.5,False,-13.5,False,3558,3557,-2.1545325327827385,-0.09960062871359203
42,-12.5,False,-13.5,True,3558,3641,-205.37242887457626,-0.0010542372500485409
42,-11.5,False,-12.5,False,3559,3558,-2.1485981793841944,-0.09231238291033604
42,-11.5,False,-12.5,True,3559,3642,-206.93142602795797,-0.0010725002339452296
42,-10.5,False,-11.5,False,3560,3559,-2.1427968336852246,-0.08485401449541957
42,-10.5,False,-11.5,True,3560,3643,-208.47868748224218,-0.001089326473109368
42,-9.5,False,-10.5,False,3561,3560,-2.137123600159299,-0.07724198372824341
42,-9.5,False,-10.5,True,3561,3644,-210.01447435730148,-0.0011047129448056418
42,-8.5,False,-9.5,False,3562,3561,-2.131573831887536,-0.06949224977261721
42,-8.5,False,-9.5,True,3562,3645,-211.5390382305631,-0.0011186578079155495
42,-7.5,False,-8.5,False,3563,3562,-2.12614311455809,-0.0616203366954549
42,-7.5,False,-8.5,True,3563,3646,-213.05262161822353,-0.0011311602823241215
42,-6.5,False,-7.5,False,3564,3563,-2.120827251706956,-0.05364139327171724
42,-6.5,False,-7.5,True,3564,3647,-214.55545842570336,-0.0011422205403651814
42,-5.5,False,-6.5,False,3565,3564,-2.115622251087075,-0.04557024765403354
42,-5.5,False,-6.5,True,3565,3648,-216.04777436971216,-0.0011518396090304955
42,-4.5,False,-5.5,False,3566,3565,-2.110524312066019,-0.037421457807083905
42,-4.5,False,-5.5,True,3566,3649,-217.52978737408003,-0.0011600192818003536
42,-3.5,False,-4.5,False,3567,3566,-2.1055298139610272,-0.029209358481816338
42,-3.5,False,-4.5,True,3567,3650,-219.00170794132185,-0.0011667620390804544
42,-2.5,False,-3.5,False,3568,3567,-2.100635305230483,-0.020948105406301702
42,-2.5,False,-3.5,True,3568,3651,-220.46373950172818,-0.0011720709763515626
42,-1.5,False,-2.5,False,3569,3568,-2.095837493448542,-0.012651717293647892
42,-1.5,False,-2.5,True,3569,3652,-221.91607874162196,-0.001175949739231962
42,-0.5,False,-1.5,False,3570,3569,-2.0911332359965655,-0.0043341162091492655
42,-0.5,False,-1.5,True,3570,3653,-223.35891591228187,-0.0011784024647474175
42,0.5,False,-0.5,False,3571,3570,-2.086519531411497,0.0039908332039092715
42,0.5,False,-0.5,True,3571,3654,-224.7924351209047,-0.001179433728175786
42,1.5,False,0.5,False,3572,3571,-2.081993511337288,0.012309285169634634
42,1.5,False,0.5,True,3572,3655,-226.21681460486826,-0.0011790484949075488
42,2.5,False,1.5,False,3573,3572,-2.077552433030263,0.0206073744429207
42,2.5,False,1.5,True,3573,3656,-227.6322269904506,-0.001177252076817152
42,3.5,False,2.5,False,3574,3573,-2.0731936723738897,0.02887117774322387
42,3.5,False,2.5,True,3574,3657,-229.03883953706955,-0.0011740500926995282
42,4.5,False,3.5,False,3575,3574,-2.068914717362219,0.037086674505332186
42,4.5,False,3.5,True,3575,3658,-230.43681436802044,-0.0011694484323672546
42,5.5,False,4.5,False,3576,3575,-2.064713162016119,0.04523970647652411
42,5.5,False,4.5,True,3576,3659,-231.82630868861355,-0.0011634532240491322
42,6.5,False,5.5,False,3577,3576,-2.0605867006977547,0.05331593566002941
42,6.5,False,5.5,True,3577,3660,-233.2074749925422,-0.0011560708047649356
42,7.5,False,6.5,False,3578,3577,-2.0565331227935673,0.061300800061675376
42,7.5,False,6.5,True,3578,3661,-234.58046125724832,-0.0011473076933823053
42,8.5,False,7.5,False,3579,3578,-2.0525503077374196,0.06917946663808965
42,8.5,False,7.5,True,3579,3662,-235.94541112899407,-0.0011371705660926468
42,9.5,False,8.5,False,3580,3579,-2.048636220348982,0.07693678076810423
42,9.5,False,8.5,True,3580,3663,-237.30246409829527,-0.0011256662340628878
42,10.5,False,9.5,False,3581,3580,-2.044788906463225,0.08455721147037373
42,10.5,False,9.5,True,3581,3664,-238.65175566632226,-0.0011128016230436911
42,11.5,False,10.5,False,3582,3581,-2.041006488830675,0.09202479146477016
42,11.5,False,10.5,True,3582,3665,-239.99341750283094,-0.0010985837547319683
42,12.5,False,11.5,False,3583,3582,-2.0372871632685587,0.09932305101623261
42,12.5,False,11.5,True,3583,3666,-241.32757759614498,-0.001083019729698251
42,13.5,False,12.5,False,3584,3583,-2.033629195043858,0.1064349442987229
42,13.5,False,12.5,True,3584,3667,-242.65436039567214,-0.0010661167117024788
42,14.5,False,13.5,False,3585,3584,-2.0300309154741853,0.11334276676205852
42,14.5,False,13.5,True,3585,3668,-243.973886947405,-0.001047881913229577
42,15.5,False,14.5,False,3586,3585,-2.026490718728496,0.12002806165995296
42,15.5,False,14.5,True,3586,3669,-245.28627502282245,-0.001028322582078575
42,16.5,False,15.5,False,3587,3586,-2.023007058816205,0.12647151348236726
42,16.5,False,15.5,True,3587,3670,-246.59163924158196,-0.0010074459888409287
42,17.5,False,16.5,False,3588,3587,-2.0195784467498186,0.13265282550018004
42,17.5,False,16.5,True,3588,3671,-247.89009118836273,-0.0009852594150963504
42,18.5,False,17.5,False,3589,3588,-2.0162034478714475,0.13855057793521247
42,18.5,False,17.5,True,3589,3672,-249.1817395241988,-0.000961770142140263
42,19.5,False,18.5,False,3590,3589,-2.012880679329527,0.14414206235788557
42,19.5,False,18.5,True,3590,3673,-250.46669009261453,-0.0009369854400376434
42,20.5,False,19.5,False,3591,3590,-2.0096088076987826,0.14940308670933666
42,20.5,False,19.5,True,3591,3674,-251.74504602085764,-0.0009109125567580349
42,21.5,False,20.5,False,3592,3591,-2.0063865467313917,0.15430774373172373
42,21.5,False,20.5,True,3592,3675,-253.01690781650257,-0.0008835587070924306
42,22.5,False,21.5,False,3593,3592,-2.0032126552324883,0.15882813340570529
42,22.5,False,21.5,True,3593,3676,-254.28237345968125,-0.0008549310609701528
42,23.5,False,22.5,False,3594,3593,-2.000085935051345,0.16293402699576975
42,23.5,False,22.5,True,3594,3677,-255.54153849117986,-0.0008250367306668941
42,24.5,False,23.5,False,3595,3594,-1.9970052291808713,0.16659245612906237
42,24.5,False,23.5,True,3595,3678,-256.79449609662686,-0.0007938827562036672
42,25.5,False,24.5,False,3596,3595,-1.993969419958745,0.1697672044263363
42,25.5,False,24.5,True,3596,3679,-258.04133718698125,-0.0007614760879477604
42,26.5,False,25.5,False,3597,3596,-1.9909774273637595,0.1724181706974839
42,26.5,False,25.5,True,3597,3680,-259.28215047551856,-0.0007278235649699407
42,27.5,False,26.5,False,3598,3597,-1.9880282074014133,0.17450056022339766
42,27.5,False,26.5,True,3598,3681,-260.5170225514985,-0.0006929318869926996
42,28.5,False,27.5,False,3599,3598,-1.9851207505733441,0.17596384190043152
42,28.5,False,27.5,True,3599,3682,-261.74603795068805,-0.0006568075765925066
42,29.5,False,28.5,False,3600,3599,-1.9822540804256334,0.17675038019569939
42,29.5,False,28.5,True,3600,3683,-262.96927922290183,-0.0006194569263579734
42,30.5,False,29.5,False,3601,3600,-1.9794272521707512,0.1767936052880168
42,30.5,False,29.5,True,3601,3684,-264.18682699671297,-0.0005808859223376638
42,31.5,False,30.5,False,3602,3601,-1.9766393513795606,0.1760155104246182
42,31.5,False,30.5,True,3602,3685,-265.39876004147806,-0.0005411001290738629
42,32.5,False,31.5,False,3603,3602,-1.9738894927382944,0.17432313978483466
42,32.5,False,31.5,True,3603,3686,-266.6051553268107,-0.0005001045103118615
42,33.5,False,32.5,False,3604,3603,-1.9711768188675762,0.1716035083611476
42,33.5,False,32.5,True,3604,3687,-267.8060880796313,-0.0004579031375658996
42,34.5,False,33.5,False,3605,3604,-1.9685004991991377,0.1677159843449941
42,34.5,False,33.5,True,3605,3688,-269.00163183891283,-0.0004144986935063401
42,35.5,False,34.5,False,3606,3605,-1.9658597289075601,0.16248035624448032
42,35.5,False,34.5,True,3606,3689,-270.19185850823436,-0.00036989157723401104
42,36.5,False,35.5,False,3607,3606,-1.9632537278931466,0.15565709807345712
42,36.5,False,35.5,True,3607,3690,-271.3768384062498,-0.0003240781790034052
42,37.5,False,36.5,False,3608,3607,-1.9606817398140493,0.1469123886869847
42,37.5,False,36.5,True,3608,3691,-272.5566403151718,-0.0002770472556767153
42,38.5,False,37.5,False,3609,3608,-1.9581430311638428,0.13575012578444265
42,38.5,False,37.5,True,3609,3692,-273.7313315273645,-0.00022877140723478323
42,39.5,False,38.5,False,3610,3609,-1.9556368903928671,0.12136155131640991
42,39.5,False,38.5,True,3610,3693,-274.900977890136,-0.00017918362797788773
42,40.5,False,39.5,False,3611,3610,-1.9531626270699007,0.10221970916894432
42,40.5,False,39.5,True,3611,3694,-276.0656438488135,-0.00012809543155262908
42,41.5,False,40.5,False,3612,3611,-1.950719571083681,0.07451128954662523
42,41.5,False,40.5,True,3612,3695,-277.2253924881819,-7.475745916827206e-05
42,-41.5,True,-42.5,False,3613,3528,150.6126511687537,-0.003326933977647108
42,-40.5,True,-41.5,True,3614,3613,-0.336029611230515,-0.07455675511604529
42,-40.5,True,-41.5,False,3614,3529,152.69894719960695,0.0030095346152709947
42,-39.5,True,-40.5,True,3615,3614,-0.34968875708267433,-0.1022746986040465
42,-39.5,True,-40.5,False,3615,3530,154.75736239007898,0.0027106898820310845
42,-38.5,True,-39.5,True,3616,3615,-0.3628214910261818,-0.12141855508942702
42,-38.5,True,-39.5,False,3616,3531,156.78898570075535,0.002429209708559825
42,-37.5,True,-38.5,True,3617,3616,-0.3754607811204096,-0.135805128007046
42,-37.5,True,-38.5,False,3617,3532,158.79483698739398,0.0021640144881577574
42,-36.5,True,-37.5,True,3618,3617,-0.38763677525028584,-0.1469629458382708
42,-36.5,True,-37.5,False,3618,3533,160.7758729898085,0.0019141222201130455
42,-35.5,True,-36.5,True,3619,3618,-0.39937710392010217,-0.15570167300386537
42,-35.5,True,-36.5,False,3619,3534,162.73299266942334,0.0016786374289506007
42,-34.5,True,-35.5,True,3620,3619,-0.4107071442362553,-0.1625180003413484
42,-34.5,True,-35.5,False,3620,3535,164.66704198005215,0.0014567415779535584
42,-33.5,True,-34.5,True,3621,3620,-0.421650250824257,-0.16774615786677563
42,-33.5,True,-34.5,False,3621,3536,166.57881814377686,0.0012476847454350856
42,-32.5,True,-33.5,True,3622,3621,-0.43222795846617146,-0.17162596758334536
42,-32.5,True,-33.5,False,3622,3537,168.46907349327168,0.0010507783725248088
42,-31.5,True,-32.5,True,3623,3622,-0.44246016046284353,-0.1743378608745018
42,-31.5,True,-32.5,False,3623,3538,170.3385189331279,0.0008653889237722868
42,-30.5,True,-31.5,True,3624,3623,-0.4523652660842288,-0.17602263541376953
42,-30.5,True,-31.5,False,3624,3539,172.187827065366,0.0006909323283035827
42,-29.5,True,-30.5,True,3625,3624,-0.4619603399452785,-0.1767934022616725
42,-29.5,True,-30.5,False,3625,3540,174.01763501812172,0.0005268690908176268
42,-28.5,True,-29.5,True,3626,3625,-0.4712612257095401,-0.17674321310207708
42,-28.5,True,-29.5,False,3626,3541,175.8285470112521,0.0003726999793918079
42,-27.5,True,-28.5,True,3627,3626,-0.48028265616137844,-0.17595014714044546
42,-27.5,True,-28.5,False,3627,3542,177.62113668816642,0.00022796221160789737
42,-26.5,True,-27.5,True,3628,3627,-0.4890383513875918,-0.17448082817171254
42,-26.5,True,-27.5,False,3628,3543,179.39594923940265,9.222607255070243e-05
42,-25.5,True,-26.5,True,3629,3628,-0.4975411065565254,-0.1723929309053167
42,-25.5,True,-26.5,False,3629,3544,181.15350334024376,-3.490809178819653e-05
42,-24.5,True,-25.5,True,3630,3629,-0.5058028705737456,-0.1697370136322892
42,-24.5,True,-25.5,False,3630,3545,182.8942929218987,-0.00015381255383660917
42,-23.5,True,-24.5,True,3631,3630,-0.513834816713171,-0.1665578884500318
42,-23.5,True,-24.5,False,3631,3546,184.61878879339702,-0.0002648345976748399
42,-22.5,True,-23.5,True,3632,3631,-0.5216474061743384,-0.1628956658359216
42,-22.5,True,-23.5,False,3632,3547,186.32744012929473,-0.00036829866150046294
42,-21.5,True,-22.5,True,3633,3632,-0.5292504453877598,-0.15878656473672015
42,-21.5,True,-22.5,False,3633,3548,188.02067583651785,-0.00046450825972733646
42,-20.5,True,-21.5,True,3634,3633,-0.5366531377825368,-0.15426355047949578
42,-20.5,True,-21.5,False,3634,3549,189.69890581213275,-0.0005537477109554664
42,-19.5,True,-20.5,True,3635,3634,-0.5438641306377292,-0.14935684404185132
42,-19.5,True,-20.5,False,3635,3550,191.3625221024977,-0.0006362836945191443
42,-18.5,True,-19.5,True,3636,3635,-0.5508915575600213,-0.1440943337131106
42,-18.5,True,-19.5,False,3636,3551,193.01189997308518,-0.000712366655317736
42,-17.5,True,-18.5,True,3637,3636,-0.5577430770620282,-0.13850191166100312
42,-17.5,True,-18.5,False,3637,3552,194.64739889724837,-0.000782232074070175
42,-16.5,True,-17.5,True,3638,3637,-0.5644259076574798,-0.13260375200353666
42,-16.5,True,-17.5,False,3638,3553,196.26936347131408,-0.0008461016179462485
42,-15.5,True,-16.5,True,3639,3638,-0.5709468598386991,-0.1264225428049815
42,-15.5,True,-16.5,False,3639,3554,197.8781242626031,-0.0009041841846431543
42,-14.5,True,-15.5,True,3640,3639,-0.5773123652591039,-0.11997968141232658
42,-14.5,True,-15.5,False,3640,3555,199.47399859629053,-0.0009566768513624978
42,-13.5,True,-14.5,True,3641,3640,-0.5835285034041533,-0.11329544036061313
42,-13.5,True,-14.5,False,3641,3556,201.05729128641246,-0.0010037657387467508
42,-12.5,True,-13.5,True,3642,3641,-0.5896010260024838,-0.10638910946001445
42,-12.5,True,-13.5,False,3642,3557,202.62829531579104,-0.0010456267986267383
42,-11.5,True,-12.5,True,3643,3642,-0.5955353794010279,-0.09927911847021569
42,-11.5,True,-12.5,False,3643,3558,204.18729246917275,-0.0010824265333930873
42,-10.5,True,-11.5,True,3644,3643,-0.6013367250999977,-0.09198314385540367
42,-10.5,True,-11.5,False,3644,3559,205.73455392345696,-0.0011143226538875165
42,-9.5,True,-10.5,True,3645,3644,-0.6070099586259232,-0.08451820241707862
42,-9.5,True,-10.5,False,3645,3560,207.27034079851626,-0.0011414646819302464
42,-8.5,True,-9.5,True,3646,3645,-0.6125597268976577,-0.07690073406589035
42,-8.5,True,-9.5,False,3646,3561,208.79490467177789,-0.0011639945029013215
42,-7.5,True,-8.5,True,3647,3646,-0.6179904442271322,-0.06914667557775486
42,-7.5,True,-8.5,False,3647,3562,210.3084880594383,-0.0011820468731990293
42,-6.5,True,-7.5,True,3648,3647,-0.6233063070782663,-0.06127152685448954
42,-6.5,True,-7.5,False,3648,3563,211.81132486691814,-0.0011957498868632548
42,-5.5,True,-6.5,True,3649,3648,-0.6285113076981474,-0.053290410953870576
42,-5.5,True,-6.5,False,3649,3564,213.30364081092694,-0.0012052254051943814
42,-4.5,True,-5.5,True,3650,3649,-0.6336092467192032,-0.04521812895260286
42,-4.5,True,-5.5,False,3650,3565,214.7856538152948,-0.0012105894527870869
42,-3.5,True,-4.5,True,3651,3650,-0.6386037448241666,-0.03706921054652578
42,-3.5,True,-4.5,False,3651,3566,216.25757438253666,-0.001211952583038979
42,-2.5,True,-3.5,True,3652,3651,-0.6434982535547391,-0.028857961166683235
42,-2.5,True,-3.5,False,3652,3567,217.71960594294296,-0.001209420215880292
42,-1.5,True,-2.5,True,3653,3652,-0.6482960653366803,-0.020598506291054336
42,-1.5,True,-2.5,False,3653,3568,219.17194518283674,-0.001203092950186197
42,-0.5,True,-1.5,True,3654,3653,-0.6530003227886567,-0.01230483355488407
42,-0.5,True,-1.5,False,3654,3569,220.61478235349665,-0.0011930668530878807
42,0.5,True,-0.5,True,3655,3654,-0.6576140273737252,-0.0039908332039091405
42,0.5,True,-0.5,False,3655,3570,222.0483015621195,-0.001179433728175786
42,1.5,True,0.5,True,3656,3655,-0.6621400474479344,0.0043296626083246656
42,1.5,True,0.5,False,3656,3571,223.47268104608304,-0.0011622813643959167
42,2.5,True,1.5,True,3657,3656,-0.6665811257549308,0.012642841207406259
42,2.5,True,1.5,False,3657,3572,224.8880934316654,-0.0011416937672600986
42,3.5,True,2.5,True,3658,3657,-0.6709398864113325,0.020934871014859965
42,3.5,True,2.5,False,3658,3573,226.29470597828433,-0.0011177513738422195
42,4.5,True,3.5,True,3659,3658,-0.6752188414230034,0.029191862946160073
42,4.5,True,3.5,False,3659,3574,227.6926808092352,-0.0010905312528873415
42,5.5,True,4.5,True,3660,3659,-0.6794203967691033,0.03739983113576081
42,5.5,True,4.5,False,3660,3575,229.08217512982833,-0.0010601072912411144
42,6.5,True,5.5,True,3661,3660,-0.6835468580874675,0.045544652517910775
42,6.5,True,5.5,False,3661,3576,230.46334143375697,-0.001026550367693002
42,7.5,True,6.5,True,3662,3661,-0.687600435991655,0.05361202476269906
42,7.5,True,6.5,False,3662,3577,231.8363276984631,-0.0009899285152275507
42,8.5,True,7.5,True,3663,3662,-0.6915832510477742,0.06158742202391743
42,8.5,True,7.5,False,3663,3578,233.20127757020887,-0.0009503070725895311
42,9.5,True,8.5,True,3664,3663,-0.6954973384362404,0.06945604789696663
42,9.5,True,8.5,False,3664,3579,234.55833053951005,-0.0009077488259865562
42,10.5,True,9.5,True,3665,3664,-0.6993446523220115,0.07720278490846294
42,10.5,True,9.5,False,3665,3580,235.907622107537,-0.0008623141416810412
42,11.5,True,10.5,True,3666,3665,-0.7031270699545189,0.08481213976074241
42,11.5,True,10.5,False,3666,3581,237.24928394404571,-0.000814061090158953
42,12.5,True,11.5,True,3667,3666,-0.7068463955166777,0.09226818342918197
42,12.5,True,11.5,False,3667,3582,238.58344403735973,-0.0007630455625013461
42,13.5,True,12.5,True,3668,3667,-0.710504363741336,0.09955448505157585
42,13.5,True,12.5,False,3668,3583,239.91022683688695,-0.0007093213795337529
42,14.5,True,13.5,True,3669,3668,-0.7141026433110369,0.10665403834800313
42,14.5,True,13.5,False,3669,3584,241.22975338861977,-0.0006529403942794937
42,15.5,True,14.5,True,3670,3669,-0.7176428400567119,0.11354917905500946
42,15.5,True,14.5,False,3670,3585,242.54214146403723,-0.0005939525881973576
42,16.5,True,15.5,True,3671,3670,-0.7211264999690314,0.1202214915338025
42,16.5,True,15.5,False,3671,3586,243.8475056827967,-0.0005324061616490458
42,17.5,True,16.5,True,3672,3671,-0.7245551120353895,0.12665170229732575
42,17.5,True,16.5,False,3672,3587,245.14595762957754,-0.0004683476189995438
42,18.5,True,17.5,True,3673,3672,-0.727930110913789,0.1328195576664595
42,18.5,True,17.5,False,3673,3588,246.43760596541355,-0.0004018218487271341
42,19.5,True,18.5,True,3674,3673,-0.731252879455667,0.13870368207123976
42,19.5,True,18.5,False,3674,3589,247.72255653382933,-0.00033287219888447845
42,20.5,True,19.5,True,3675,3674,-0.7345247510864539,0.14428141260300803
42,20.5,True,19.5,False,3675,3590,249.0009124620724,-0.0002615405482304121
42,21.5,True,20.5,True,3676,3675,-0.7377470120538305,0.14952860421896957
42,21.5,True,20.5,False,3676,3591,250.27277425771734,-0.00018786737332210132
42,22.5,True,21.5,True,3677,3676,-0.7409209035527198,0.15441939838887614
42,22.5,True,21.5,False,3677,3592,251.53823990089603,-0.0001118918118383817
42,23.5,True,22.5,True,3678,3677,-0.7440476237338771,0.15892594579059596
42,23.5,True,22.5,False,3678,3593,252.79740493239464,-3.3651722384333904e-05
42,24.5,True,23.5,True,3679,3678,-0.7471283296043367,0.1630180706654364
42,24.5,True,23.5,False,3679,3594,254.05036253784164,4.6816258995042556e-05
42,25.5,True,24.5,True,3680,3679,-0.750164138826463,0.16666286027238503
42,25.5,True,24.5,False,3680,3595,255.29720362819606,0.0001294766653769738
42,26.5,True,25.5,True,3681,3680,-0.7531561314214628,0.16982415697807532
42,26.5,True,25.5,False,3681,3596,256.53801691673334,0.00021429514840216933
42,27.5,True,26.5,True,3682,3681,-0.756105351383809,0.17246192201972824
42,27.5,True,26.5,False,3682,3597,257.7728889927133,0.00030123843041374756
42,28.5,True,27.5,True,3683,3682,-0.7590128082118781,0.17453142749724782
42,28.5,True,27.5,False,3683,3598,259.0019043919028,0.0003902742591223859
42,29.5,True,28.5,True,3684,3683,-0.7618794783595888,0.17598221441945136
42,29.5,True,28.5,False,3684,3599,260.22514566411655,0.00048137136464157374
42,30.5,True,29.5,True,3685,3684,-0.764706306614471,0.17675672582310056
42,30.5,True,29.5,False,3685,3600,261.44269343792774,0.0005744994187469303
42,31.5,True,30.5,True,3686,3685,-0.7674942074056617,0.1767884784439348
42,31.5,True,30.5,False,3686,3601,262.65462648269283,0.000669628996223567
42,32.5,True,31.5,True,3687,3686,-0.7702440660469279,0.17599956212899653
42,32.5,True,31.5,False,3687,3602,263.86102176802547,0.0007667315381754749
42,33.5,True,32.5,True,3688,3687,-0.7729567399176318,0.17429713053215545
42,33.5,True,32.5,False,3688,3603,265.06195452084614,0.0008657793171785968
42,34.5,True,33.5,True,3689,3688,-0.7756330595860561,0.1715683250135771
42,34.5,True,33.5,False,3689,3604,266.25749828012766,0.0009667454041696249
42,35.5,True,34.5,True,3690,3689,-0.7782738298776621,0.16767266293308508
42,35.5,True,34.5,False,3690,3605,267.44772494944914,0.0010696036369681687
42,36.5,True,35.5,True,3691,3690,-0.7808798308920615,0.16243011383480616
42,36.5,True,35.5,False,3691,3606,268.63270484746465,0.0011743285903348328
42,37.5,True,36.5,True,3692,3691,-0.783451818971173,0.15560137931787846
42,37.5,True,36.5,False,3692,3607,269.8125067563866,0.0012808955474807935
42,38.5,True,37.5,True,3693,3692,-0.7859905276213794,0.14685293783235873
42,38.5,True,37.5,False,3693,3608,270.98719796857927,0.0013892804729422805
42,39.5,True,38.5,True,3694,3693,-0.7884966683923551,0.1356891070520131
42,39.5,True,38.5,False,3694,3609,272.1568443313507,0.0014994599867430719
42,40.5,True,39.5,True,3695,3694,-0.7909709317153215,0.12130177374636177
42,40.5,True,39.5,False,3695,3610,273.3215102900283,0.0016114113397769907
42,41.5,True,40.5,True,3696,3695,-0.7934139877015411,0.1021651261322191
42,41.5,True,40.5,False,3696,3611,274.48125892939663,0.001725112390332958
42,42.5,True,41.5,True,3697,3696,-0.795826486905213,0.07446853073470353
42,42.5,True,41.5,False,3697,3612,275.63615201357516,0.00184054158171197
43,-42.5,False,-43.5,False,3699,3698,-2.4326511515278924,0.07360233863342854
43,-41.5,False,-42.5,False,3700,3699,-2.418011684865995,-0.10105764120695306
43,-41.5,False,-42.5,True,3700,3785,-153.9836395145917,-5.579294832731209e-05
43,-40.5,False,-41.5,False,3701,3700,-2.4039622004128205,-0.1200862982208519
43,-40.5,False,-41.5,True,3701,3786,-156.06147984108526,-9.815623408374684e-05
43,-39.5,False,-40.5,False,3702,3701,-2.3904641037764947,-0.13444493230778756
43,-39.5,False,-40.5,True,3702,3787,-158.11177258648937,-0.00014058396042908013
43,-38.5,False,-39.5,False,3703,3702,-2.377482245293571,-0.1456363557169553
43,-38.5,False,-39.5,True,3703,3788,-160.13558537677423,-0.0001833348396148553
43,-37.5,False,-38.5,False,3704,3703,-2.3649845345262293,-0.15445580466236697
43,-37.5,False,-38.5,True,3704,3789,-162.13391859780882,-0.00022630167086210533
43,-36.5,False,-37.5,False,3705,3704,-2.3529416062126813,-0.16139064675747286
43,-36.5,False,-37.5,True,3705,3790,-164.1077111797625,-0.0002693210209021961
43,-35.5,False,-36.5,False,3706,3705,-2.3413265297468016,-0.1667685344635846
43,-35.5,False,-36.5,True,3706,3791,-166.05784575693676,-0.00031222770366396807
43,-34.5,False,-35.5,False,3707,3706,-2.330114555637934,-0.17082436146367622
43,-34.5,False,-35.5,True,3707,3792,-167.9851532835363,-0.00035486808406585453
43,-33.5,False,-34.5,False,3708,3707,-2.319282893513005,-0.17373470061386026
43,-33.5,False,-34.5,True,3708,3793,-169.89041717390202,-0.0003971032175505554
43,-32.5,False,-33.5,False,3709,3708,-2.308810517126453,-0.17563722530975642
43,-32.5,False,-33.5,True,3709,3794,-171.77437702575625,-0.00043880891033878076
43,-31.5,False,-32.5,False,3710,3709,-2.298677992578135,-0.17664244845838456
43,-31.5,False,-32.5,True,3710,3795,-173.6377319766756,-0.0004798747767603178
43,-30.5,False,-31.5,False,3711,3710,-2.2888673265433894,-0.17684121350953647
43,-30.5,False,-31.5,True,3711,3796,-175.48114373701193,-0.0005202030019249247
43,-29.5,False,-30.5,False,3712,3711,-2.2793618318181075,-0.1763096882904166
43,-29.5,False,-30.5,True,3712,3797,-177.30523933658822,-0.0005597070729201728
43,-28.5,False,-29.5,False,3713,3712,-2.2701460078902187,-0.17511281619248562
43,-28.5,False,-29.5,True,3713,3798,-179.11061361751132,-0.0005983105783545728
43,-27.5,False,-28.5,False,3714,3713,-2.261205434593471,-0.17330677445145787
43,-27.5,False,-28.5,True,3714,3799,-180.8978315012098,-0.0006359461110038336
43,-26.5,False,-27.5,False,3715,3714,-2.252526677182189,-0.1709407708769391
43,-26.5,False,-27.5,True,3715,3800,-182.66743005420022,-0.0006725542811651609
43,-25.5,False,-26.5,False,3716,3715,-2.2440972014055376,-0.16805838659894812
43,-25.5,False,-26.5,True,3716,3801,-184.41992037400274,-0.0007080828369160901
43,-24.5,False,-25.5,False,3717,3716,-2.2359052973593734,-0.1646985992210009
43,-24.5,False,-25.5,True,3717,3802,-186.15578931398244,-0.0007424858829551715
43,-23.5,False,-24.5,False,3718,3717,-2.2279400110640495,-0.1608965759201188
43,-23.5,False,-24.5,True,3718,3803,-187.87550106362065,-0.0007757231882938431
43,-22.5,False,-23.5,False,3719,3718,-2.2201910828572125,-0.15668429766967107
43,-22.5,False,-23.5,True,3719,3804,-189.5794985987567,-0.0008077595730575573
43,-21.5,False,-22.5,False,3720,3719,-2.212648891815121,-0.1520910573204069
43,-21.5,False,-22.5,True,3720,3805,-191.26820501464383,-0.0008385643652717736
43,-20.5,False,-21.5,False,3721,3720,-2.2053044055161166,-0.14714386198986465
43,-20.5,False,-21.5,True,3721,3806,-192.94202475318986,-0.0008681109193443104
43,-19.5,False,-20.5,False,3722,3721,-2.1981491345508744,-0.14186776184564412
43,-19.5,False,-20.5,True,3722,3807,-194.6013447344716,-0.0008963761888537449
43,-18.5,False,-19.5,False,3723,3722,-2.1911750912577475,-0.1362861215602706
43,-18.5,False,-19.5,True,3723,3808,-196.246535401495,-0.0009233403471182285
43,-17.5,False,-18.5,False,3724,3723,-2.184374752226958,-0.13042084661117706
43,-17.5,False,-18.5,True,3724,3809,-197.87795168619448,-0.0009489864498108964
43,-16.5,False,-17.5,False,3725,3724,-2.1777410241741393,-0.12429257365229976
43,-16.5,False,-17.5,True,3725,3810,-199.49593390381037,-0.00097330013460335
43,-15.5,False,-16.5,False,3726,3725,-2.1712672128304575,-0.1179208320366406
43,-15.5,False,-16.5,True,3726,3811,-201.10080858202974,-0.0009962693534475936
43,-14.5,False,-15.5,False,3727,3726,-2.164946994539463,-0.11132418198393382
43,-14.5,False,-15.5,True,3727,3812,-202.69288923061447,-0.0010178841336604943
43,-13.5,False,-14.5,False,3728,3727,-2.158774390286723,-0.10452033370294875
43,-13.5,False,-14.5,True,3728,3813,-204.27247705665542,-0.0010381363644572093
43,-12.5,False,-13.5,False,3729,3728,-2.1527437419198066,-0.09752625088285836
43,-12.5,False,-13.5,True,3729,3814,-205.83986163007674,-0.0010570196060000268
43,-11.5,False,-12.5,False,3730,3729,-2.146849690343018,-0.0903582412849428
43,-11.5,False,-12.5,True,3730,3815,-207.39532150355433,-0.001074528918392576
43,-10.5,False,-11.5,False,3731,3730,-2.14108715549699,-0.08303203663966448
43,-10.5,False,-11.5,True,3731,3816,-208.93912479060913,-0.001090660708369723
43,-9.5,False,-10.5,False,3732,3731,-2.135451317951862,-0.075562863645512
43,-9.5,False,-10.5,True,3732,3817,-210.47152970527276,-0.0011054125917031444
43,-8.5,False,-9.5,False,3733,3732,-2.12993760196359,-0.0679655075463519
43,-8.5,False,-9.5,True,3733,3818,-211.99278506640303,-0.0011187832695885838
43,-7.5,False,-8.5,False,3734,3733,-2.1245416598568454,-0.06025436951246819
43,-7.5,False,-8.5,True,3734,3819,-213.50313076943823,-0.001130772417483222
43,-6.5,False,-7.5,False,3735,3734,-2.11925935761478,-0.0524435188515172
43,-6.5,False,-7.5,True,3735,3820,-215.00279822812462,-0.0011413805850464967
43,-5.5,False,-6.5,False,3736,3735,-2.114086761565403,-0.044546740917762846
43,-5.5,False,-6.5,True,3736,3821,-216.4920107885196,-0.0011506091059942227
43,-4.5,False,-5.5,False,3737,3736,-2.109020126068799,-0.03657758146252557
43,-4.5,False,-5.5,True,3737,3822,-217.97098411736857,-0.0011584600168149017
43,-3.5,False,-4.5,False,3738,3737,-2.104055882116427,-0.028549388069255853
43,-3.5,False,-4.5,True,3738,3823,-219.43992656676858,-0.0011649359834165292
43,-2.5,False,-3.5,False,3739,3738,-2.099190626763999,-0.020475349238080948
43,-2.5,False,-3.5,True,3739,3824,-220.8990395168638,-0.0011700402348798957
43,-1.5,False,-2.5,False,3740,3739,-2.0944211133272006,-0.012368531623362567
43,-1.5,False,-2.5,True,3740,3825,-222.3485176981698,-0.0011737765035846792
43,-0.5,False,-1.5,False,3741,3740,-2.0897442422755006,-0.004241915880914428
43,-0.5,False,-1.5,True,3741,3826,-223.78854949498725,-0.0011761489710576576
43,0.5,False,-0.5,False,3742,3741,-2.085157052766334,0.0038915684529912636
43,0.5,False,-0.5,True,3742,3827,-225.21931723124388,-0.0011771622189628193
43,1.5,False,0.5,False,3743,3742,-2.080656714767045,0.012019008652355046
43,1.5,False,0.5,True,3743,3828,-226.64099743999202,-0.0011768211847173924
43,2.5,False,1.5,False,3744,3743,-2.0762405217171107,0.020127474677202647
43,2.5,False,1.5,True,3744,3829,-228.05376111769095,-0.0011751311212705342
43,3.5,False,2.5,False,3745,3744,-2.0719058836871085,0.028203984854122795
43,3.5,False,2.5,True,3745,3830,-229.45777396430998,-0.001172097560632928
43,4.5,False,3.5,False,3746,3745,-2.0676503209951136,0.03623547097669701
43,4.5,False,3.5,True,3746,3831,-230.853196610207,-0.0011677262807878075
43,5.5,False,4.5,False,3747,3746,-2.0634714582457434,0.04420874242695914
43,5.5,False,4.5,True,3747,3832,-232.24018483066263,-0.0011620232756493355
43,6.5,False,5.5,False,3748,3747,-2.0593670187574986,0.05211044889518235
43,6.5,False,5.5,True,3748,3833,-233.61888974888063,-0.001154994727772066
43,7.5,False,6.5,False,3749,3748,-2.0553348193505627,0.05992704124054972
43,7.5,False,6.5,True,3749,3834,-234.9894580282035,-0.0011466469835413108
43,8.5,False,7.5,False,3750,3749,-2.0513727654665956,0.06764472998812085
43,8.5,False,7.5,True,3750,3835,-236.35203205423542,-0.0011369865305998355
43,9.5,False,8.5,False,3751,3750,-2.0474788465966753,0.07524944089593597
43,9.5,False,8.5,True,3751,3836,-237.7067501075135,-0.0011260199772917848
43,10.5,False,9.5,False,3752,3751,-2.0436511319937836,0.08272676694721172
43,10.5,False,9.5,True,3752,3837,-239.05374652731874,-0.0011137540339212493
43,11.5,False,10.5,False,3753,3752,-2.039887766649997,0.09006191602268905
43,11.5,False,10.5,True,3753,3838,-240.39315186717727,-0.0011001954956406693
43,12.5,False,11.5,False,3754,3753,-2.036186967519086,0.09723965338233301
43,12.5,False,11.5,True,3754,3839,-241.72509304256116,-0.0010853512267986992
43,13.5,False,12.5,False,3755,3754,-2.0325470199660742,0.10424423792718575
43,13.5,False,12.5,True,3755,3840,-243.04969347126112,-0.0010692281465880527
43,14.5,False,13.5,False,3756,3755,-2.028966274429365,0.11105935101260095
43,14.5,False,13.5,True,3756,3841,-244.3670732068713,-0.0010518332158417152
43,15.5,False,14.5,False,3757,3756,-2.0254431432795457,0.11766801633173828
43,15.5,False,14.5,True,3757,3842,-245.677349065795,-0.0010331734248327856
43,16.5,False,15.5,False,3758,3757,-2.0219760978613692,0.1240525090676053
43,16.5,False,15.5,True,3758,3843,-246.9806347481507,-0.0010132557819335433
43,17.5,False,16.5,False,3759,3758,-2.018563665706722,0.1301942521020864
43,17.5,False,16.5,True,3759,3844,-248.2770409529336,-0.0009920873029892882
43,18.5,False,17.5,False,3760,3759,-2.015204427907065,0.13607369654270263
43,18.5,False,17.5,True,3760,3845,-249.56667548776215,-0.0009696750012523597
43,19.5,False,18.5,False,3761,3760,-2.011897016634151,0.14167018314277757
43,19.5,False,18.5,True,3761,3846,-250.84964337351815,-0.0009460258777101332
43,20.5,False,19.5,False,3762,3761,-2.008640112800009,0.14696178029319754
43,20.5,False,19.5,True,3762,3847,-252.12604694416711,-0.0009211469116165618
43,21.5,False,20.5,False,3763,3762,-2.0054324438462743,0.15192509307622237
43,21.5,False,20.5,True,3763,3848,-253.39598594202818,-0.0008950450509986408
43,22.5,False,21.5,False,3764,3763,-2.0022727816551082,0.1565350362825304
43,22.5,False,21.5,True,3764,3849,-254.65955760874436,-0.0008677272028568845
43,23.5,False,22.5,False,3765,3764,-1.9991599405733496,0.16076456214017532
43,23.5,False,22.5,True,3765,3850,-255.9168567721876,-0.000839200222695038
43,24.5,False,23.5,False,3766,3765,-1.996092775543218,0.164584330549901
43,24.5,False,23.5,True,3766,3851,-257.1679759295189,-0.0008094709028903084
43,25.5,False,24.5,False,3767,3766,-1.9930701803327509,0.16796230550729407
43,25.5,False,24.5,True,3767,3852,-258.41300532660966,-0.000778545959230332
43,26.5,False,25.5,False,3768,3767,-1.9900910858589498,0.1708632555710263
43,26.5,False,25.5,True,3768,3853,-259.6520330340162,-0.0007464320146585701
43,27.5,False,26.5,False,3769,3768,-1.9871544585995196,0.17324812785279803
43,27.5,False,26.5,True,3769,3854,-260.8851450196894,-0.0007131355788243163
43,28.5,False,27.5,False,3770,3769,-1.984259299086034,0.17507325269234322
43,28.5,False,27.5,True,3770,3855,-262.11242521858975,-0.0006786630213356323
43,29.5,False,28.5,False,3771,3770,-1.9814046404750059,0.17628931770065978
43,29.5,False,28.5,True,3771,3856,-263.3339555993656,-0.0006430205354635635
43,30.5,False,29.5,False,3772,3771,-1.9785895471909782,0.1768400214307558
43,30.5,False,29.5,True,3772,3857,-264.5498162282463,-0.0006062140871468403
43,31.5,False,30.5,False,3773,3772,-1.9758131136385941,0.1766602719943223
43,31.5,False,30.5,True,3773,3858,-265.7600853302907,-0.0005682493408483972
43,32.5,False,31.5,False,3774,3773,-1.9730744629784454,0.17567372261952252
43,32.5,False,31.5,True,3774,3859,-266.9648393481225,-0.0005291315479487653
43,33.5,False,32.5,False,3775,3774,-1.9703727459634877,0.17378931211566667
43,33.5,False,32.5,True,3775,3860,-268.1641529982792,-0.0004888653724286506
43,34.5,False,33.5,False,3776,3775,-1.9677071398331236,0.17089625941284028
43,34.5,False,33.5,True,3776,3861,-269.35809932529065,-0.0004474546072524914
43,35.5,False,34.5,False,3777,3776,-1.9650768472598088,0.16685655578938122
43,35.5,False,34.5,True,3777,3862,-270.54674975359836,-0.00040490169081035645
43,36.5,False,35.5,False,3778,3777,-1.962481095347556,0.16149320077130408
43,36.5,False,35.5,True,3778,3863,-271.7301741374205,-0.00036120683542797223
43,37.5,False,36.5,False,3779,3778,-1.959919134677648,0.1545707410178997
43,37.5,False,36.5,True,3779,3864,-272.9084408086605,-0.00031636634661112294
43,38.5,False,37.5,False,3780,3779,-1.9573902383995687,0.14576076507893956
43,38.5,False,37.5,True,3780,3865,-274.0816166229525,-0.0002703690917092499
43,39.5,False,38.5,False,3781,3780,-1.954893701364739,0.13457482222775427
43,39.5,False,38.5,True,3781,3866,-275.24976700393154,-0.0002231881952631533
43,40.5,False,39.5,False,3782,3781,-1.9524288393002394,0.1202160057750859
43,40.5,False,39.5,True,3782,3867,-276.4129559858113,-0.00017475819177444987
43,41.5,False,40.5,False,3783,3782,-1.9499949880212455,0.10117856893161213
43,41.5,False,40.5,True,3783,3868,-277.57124625434756,-0.00012489525030101806
43,42.5,False,41.5,False,3784,3783,-1.9475915026788186,0.07369920069654935
43,42.5,False,41.5,True,3784,3869,-278.72469918626246,-7.286904561048056e-05
43,-42.5,True,-43.5,False,3785,3698,149.1329766781978,-0.0033620301520461355
43,-41.5,True,-42.5,True,3786,3785,-0.3261218739192202,-0.07374690279666632
43,-41.5,True,-42.5,False,3786,3699,151.23950595580646,0.003045399200187706
43,-40.5,True,-41.5,True,3787,3786,-0.34017135837240176,-0.1012364461415459
43,-40.5,True,-41.5,False,3787,3700,153.31734628230004,0.0027473498877779315
43,-39.5,True,-40.5,True,3788,3787,-0.3536694550087134,-0.12027623140550478
43,-39.5,True,-40.5,False,3788,3701,155.36763902770417,0.0024666639854659714
43,-38.5,True,-39.5,True,3789,3788,-0.36665131349164426,-0.13463320381285404
43,-38.5,True,-39.5,False,3789,3702,157.391451817989,0.0022022384738206477
43,-37.5,True,-38.5,True,3790,3789,-0.379149024258993,-0.14581474210761142
43,-37.5,True,-38.5,False,3790,3703,159.3897850390236,0.0019530718941285614
43,-36.5,True,-37.5,True,3791,3790,-0.3911919525725409,-0.1546186921836665
43,-36.5,True,-37.5,False,3791,3704,161.36357762097728,0.001718252617166287
43,-35.5,True,-36.5,True,3792,3791,-0.4028070290383994,-0.16153411397381284
43,-35.5,True,-36.5,False,3792,3705,163.31371219815156,0.0014969487206581715
43,-34.5,True,-35.5,True,3793,3792,-0.41401900314727413,-0.16688984192456136
43,-34.5,True,-35.5,False,3793,3706,165.24101972475108,0.0012883992220866424
43,-33.5,True,-34.5,True,3794,3793,-0.42485066527223125,-0.170921635610939
43,-33.5,True,-34.5,False,3794,3707,167.14628361511677,0.0010919064583025365
43,-32.5,True,-33.5,True,3795,3794,-0.4353230416587621,-0.17380672311196527
43,-32.5,True,-33.5,False,3795,3708,169.03024346697103,0.0009068294394299427
43,-31.5,True,-32.5,True,3796,3795,-0.44545556620707316,-0.1756832850413523
43,-31.5,True,-32.5,False,3796,3709,170.89359841789042,0.0007325780337234977
43,-30.5,True,-31.5,True,3797,3796,-0.4552662322418257,-0.1766622333706251
43,-30.5,True,-31.5,False,3797,3710,172.7370101782267,0.000568607863748155
43,-29.5,True,-30.5,True,3798,3797,-0.4647717269671148,-0.17683472915543005
43,-29.5,True,-30.5,False,3798,3711,174.561105777803,0.0004144158136345593
43,-28.5,True,-29.5,True,3799,3798,-0.47398755089500355,-0.17627719500026628
43,-28.5,True,-29.5,False,3799,3712,176.3664800587261,0.00026953606306057365
43,-27.5,True,-28.5,True,3800,3799,-0.48292812419174425,-0.17505477968282188
43,-27.5,True,-28.5,False,3800,3713,178.15369794242457,0.00013353657672862202
43,-26.5,True,-27.5,True,3801,3800,-0.491606881603019,-0.1732238263908443
43,-26.5,True,-27.5,False,3801,3714,179.92329649541503,6.015988959623252e-06
43,-25.5,True,-26.5,True,3802,3801,-0.5000363573796847,-0.1708336769961004
43,-25.5,True,-26.5,False,3802,3715,181.67578681521752,-0.00011339916795240597
43,-24.5,True,-25.5,True,3803,3802,-0.5082282614258418,-0.16792802062513865
43,-24.5,True,-25.5,False,3803,3716,183.41165575519722,-0.00022505693544981292
43,-23.5,True,-24.5,True,3804,3803,-0.5161935477211728,-0.1645459213804298
43,-23.5,True,-24.5,False,3804,3717,185.13136750483542,-0.0003292821380080294
43,-22.5,True,-23.5,True,3805,3804,-0.5239424759279814,-0.1607226150719307
43,-22.5,True,-23.5,False,3805,3718,186.8353650399715,-0.00042637836224168575
43,-21.5,True,-22.5,True,3806,3805,-0.5314846669701012,-0.15649013636073406
43,-21.5,True,-22.5,False,3806,3719,188.5240714558586,-0.000516629733573982
43,-20.5,True,-21.5,True,3807,3806,-0.5388291532691056,-0.1518778192130382
43,-20.5,True,-21.5,False,3807,3720,190.19789119440463,-0.0006003025144425984
43,-19.5,True,-20.5,True,3808,3807,-0.5459844242343479,-0.14691270123437114
43,-19.5,True,-20.5,False,3808,3721,191.8572111756864,-0.0006776465448067576
43,-18.5,True,-19.5,True,3809,3808,-0.5529584675274748,-0.14161985405907876
43,-18.5,True,-19.5,False,3809,3722,193.5024018427098,-0.0007488965429868897
43,-17.5,True,-18.5,True,3810,3809,-0.5597588065582642,-0.13602265614071826
43,-17.5,True,-18.5,False,3810,3723,195.13381812740926,-0.0008142732825386364
43,-16.5,True,-17.5,True,3811,3810,-0.566392534611083,-0.13014302016910728
43,-16.5,True,-17.5,False,3811,3724,196.75180034502515,-0.0008739846588621139
43,-15.5,True,-16.5,True,3812,3811,-0.5728663459547363,-0.1240015843811424
43,-15.5,True,-16.5,False,3812,3725,198.35667502324455,-0.0009282266575362791
43,-14.5,True,-15.5,True,3813,3812,-0.5791865642457594,-0.11761787487668596
43,-14.5,True,-15.5,False,3813,3726,199.94875567182925,-0.0009771842348895456
43,-13.5,True,-14.5,True,3814,3813,-0.5853591684984991,-0.1110104444590171
43,-13.5,True,-14.5,False,3814,3727,201.5283434978702,-0.0010210321200453379
43,-12.5,True,-13.5,True,3815,3814,-0.5913898168654157,-0.10419699232968682
43,-12.5,True,-13.5,False,3815,3728,203.09572807129152,-0.0010599355465794914
43,-11.5,True,-12.5,True,3816,3815,-0.5972838684422044,-0.09719446806859898
43,-11.5,True,-12.5,False,3816,3729,204.6511879447691,-0.0010940509209692625
43,-10.5,True,-11.5,True,3817,3816,-0.6030464032882321,-0.09001916264391217
43,-10.5,True,-11.5,False,3817,3730,206.1949912318239,-0.0011235264341847295
43,-9.5,True,-10.5,True,3818,3817,-0.6086822408333319,-0.08268678866770139
43,-9.5,True,-10.5,False,3818,3731,207.72739614648756,-0.001148502622048075
43,-8.5,True,-9.5,True,3819,3818,-0.6141959568216322,-0.075212551702751
43,-8.5,True,-9.5,False,3819,3732,209.2486515076178,-0.0011691128793564559
43,-7.5,True,-8.5,True,3820,3819,-0.6195918989283768,-0.06761121410464067
43,-7.5,True,-8.5,False,3820,3733,210.758997210653,-0.0011854839322095999
43,-6.5,True,-7.5,True,3821,3820,-0.6248742011704422,-0.0598971526304773
43,-6.5,True,-7.5,False,3821,3734,212.2586646693394,-0.001197736272499216
43,-5.5,True,-6.5,True,3822,3821,-0.6300467972198192,-0.05208441084565037
43,-5.5,True,-6.5,False,3822,3735,213.74787722973437,-0.0012059845580934766
43,-4.5,True,-5.5,True,3823,3822,-0.6351134327164232,-0.04418674720129162
43,-4.5,True,-5.5,False,3823,3736,215.22685055858335,-0.0012103379818718951
43,-3.5,True,-4.5,True,3824,3823,-0.640077676668767,-0.036217679529000645
43,-3.5,True,-4.5,False,3824,3737,216.69579300798338,-0.0012109006124391554
43,-2.5,True,-3.5,True,3825,3824,-0.6449429320212232,-0.028190526599296557
43,-2.5,True,-3.5,False,3825,3738,218.1549059580786,-0.001207771709052986
43,-1.5,True,-2.5,True,3826,3825,-0.6497124454580216,-0.020118447311226136
43,-1.5,True,-2.5,False,3826,3739,219.60438413938456,-0.0012010460130428057
43,-0.5,True,-1.5,True,3827,3826,-0.6543893165097217,-0.01201447801883577
43,-0.5,True,-1.5,False,3827,3740,221.04441593620203,-0.0011908140177682997
43,0.5,True,-0.5,True,3828,3827,-0.6589765060188881,-0.003891568452991586
43,0.5,True,-0.5,False,3828,3741,222.47518367245866,-0.0011771622189628193
43,1.5,True,0.5,True,3829,3828,-0.6634768440181773,0.004237383337779636
43,1.5,True,0.5,False,3829,3742,223.8968638812068,-0.001160173347127678
43,2.5,True,1.5,True,3830,3829,-0.6678930370680831,0.012359496627661132
43,2.5,True,1.5,False,3830,3743,225.3096275589058,-0.001139926583479432
43,3.5,True,2.5,True,3831,3830,-0.6722276750981138,0.020461873849340072
43,3.5,True,2.5,False,3831,3744,226.71364040552476,-0.0011164977608121912
43,4.5,True,3.5,True,3832,3831,-0.6764832377901087,0.028531566244097667
43,4.5,True,3.5,False,3832,3745,228.10906305142177,-0.0010899595505072402
43,5.5,True,4.5,True,3833,3832,-0.6806621005394788,0.03655553894059529
43,5.5,True,4.5,False,3833,3746,229.4960512718774,-0.0010603816368063349
43,6.5,True,5.5,True,3834,3833,-0.6847665400277236,0.04452063506293144
43,6.5,True,5.5,False,3834,3747,230.8747561900954,-0.0010278308793647084
43,7.5,True,6.5,True,3835,3834,-0.6887987394346595,0.05241353844485707
43,7.5,True,6.5,False,3835,3748,232.24532446941828,-0.0009923714650071323
43,8.5,True,7.5,True,3836,3835,-0.6927607933185982,0.06022073449242371
43,8.5,True,7.5,False,3836,3749,233.60789849545023,-0.0009540650495243727
43,9.5,True,8.5,True,3837,3836,-0.6966547121885469,0.0679284686903394
43,9.5,True,8.5,False,3837,3750,234.96261654872828,-0.0009129708902783298
43,10.5,True,9.5,True,3838,3837,-0.7004824267914529,0.07552270218585885
43,10.5,True,9.5,False,3838,3751,236.3096129685335,-0.0008691459703127174
43,11.5,True,10.5,True,3839,3838,-0.704245792135211,0.08298906380529653
43,11.5,True,10.5,False,3839,3752,237.64901830839207,-0.0008226451146065448
43,12.5,True,11.5,True,3840,3839,-0.7079465912661078,0.09031279775849872
43,12.5,True,11.5,False,3840,3753,238.98095948377596,-0.0007735210990552888
43,13.5,True,12.5,True,3841,3840,-0.7115865388191764,0.0974787061609182
43,13.5,True,12.5,False,3841,3754,240.30555991247587,-0.0007218247527114813
43,14.5,True,13.5,True,3842,3841,-0.715167284355843,0.10447108534472
43,14.5,True,13.5,False,3842,3755,241.62293964808612,-0.0006676050537754352
43,15.5,True,14.5,True,3843,3842,-0.7186904155056766,0.111273654730989
43,15.5,True,14.5,False,3843,3756,242.93321550700978,-0.0006109092197830945
43,16.5,True,15.5,True,3844,3843,-0.7221574609238388,0.11786947678301438
43,16.5,True,15.5,False,3844,3757,244.2365011893655,-0.000551782792404424
43,17.5,True,16.5,True,3845,3844,-0.725569893078486,0.12424086624034325
43,17.5,True,16.5,False,3845,3758,245.53290739414837,-0.0004902697172285282
43,18.5,True,17.5,True,3846,3845,-0.7289291308781713,0.1303692864238283
43,18.5,True,17.5,False,3846,3759,246.82254192897693,-0.00042641241888596854
43,19.5,True,18.5,True,3847,3846,-0.7322365421510426,0.1362352298746681
43,19.5,True,18.5,False,3847,3760,248.10550981473295,-0.00036025187182682657
43,20.5,True,19.5,True,3848,3847,-0.7354934459852132,0.14181807990597478
43,20.5,True,19.5,False,3848,3761,249.3819133853819,-0.00029182766705002
43,21.5,True,20.5,True,3849,3848,-0.7387011149389338,0.1470959487486814
43,21.5,True,20.5,False,3849,3762,250.65185238324295,-0.00022117807505737084
43,22.5,True,21.5,True,3850,3849,-0.741860777130114,0.15204548678687693
43,22.5,True,21.5,False,3850,3763,251.91542404995914,-0.00014834010528219963
43,23.5,True,22.5,True,3851,3850,-0.7449736182119011,0.15664165578970157
43,23.5,True,22.5,False,3851,3764,253.17272321340232,-7.334956222524052e-05
43,24.5,True,23.5,True,3852,3851,-0.7480407832419758,0.16085745689620118
43,24.5,True,23.5,False,3852,3765,254.42384237073372,3.758901486644758e-06
43,25.5,True,24.5,True,3853,3852,-0.7510633784524572,0.1646636011576958
43,25.5,True,24.5,False,3853,3766,255.66887176782447,8.295173492177852e-05
43,26.5,True,25.5,True,3854,3853,-0.7540424729262725,0.16802810633156212
43,26.5,True,25.5,False,3854,3767,256.9078994752309,0.00016419644135973294
43,27.5,True,26.5,True,3855,3854,-0.7569791001857027,0.17091579780370464
43,27.5,True,26.5,False,3855,3768,258.1410114609042,0.00024746153333208285
43,28.5,True,27.5,True,3856,3855,-0.7598742596991883,0.17328768313993578
43,28.5,True,27.5,False,3856,3769,259.3682916598045,0.0003327164900302925
43,29.5,True,28.5,True,3857,3856,-0.7627289183102164,0.17510015746378563
43,29.5,True,28.5,False,3857,3770,260.5898220405803,0.0004199317169320951
43,30.5,True,29.5,True,3858,3857,-0.765544011594244,0.17630397839225256
43,30.5,True,29.5,False,3858,3771,261.80568266946113,0.0005090785075128292
43,31.5,True,30.5,True,3859,3858,-0.7683204451466281,0.17684292085871672
43,31.5,True,30.5,False,3859,3772,263.01595177150546,0.0006001290069115412
43,32.5,True,31.5,True,3860,3859,-0.7710590958067769,0.17665197724511855
43,32.5,True,31.5,False,3860,3773,264.2207057893373,0.0006930561774371056
43,33.5,True,32.5,True,3861,3860,-0.773760812821692,0.17565489497674078
43,33.5,True,32.5,False,3861,3774,265.420019439494,0.0007878337658028206
43,34.5,True,33.5,True,3862,3861,-0.7764264189520986,0.17376071979460606
43,34.5,True,33.5,False,3862,3775,266.61396576650543,0.0008844362719858919
43,35.5,True,34.5,True,3863,3862,-0.7790567115254134,0.17085879428163567
43,35.5,True,34.5,False,3863,3776,267.80261619481314,0.000982838919621586
43,36.5,True,35.5,True,3864,3863,-0.781652463437652,0.16681125595452784
43,36.5,True,35.5,False,3864,3777,268.9860405786353,0.0010830176278357078
43,37.5,True,36.5,True,3865,3864,-0.7842144241075744,0.16144128216992057
43,37.5,True,36.5,False,3865,3778,270.16430724987526,0.0011849489844390159
43,38.5,True,37.5,True,3866,3865,-0.7867433203856535,0.15451364360448777
43,38.5,True,37.5,False,3866,3779,271.33748306416726,0.00128861022040257
43,39.5,True,38.5,True,3867,3866,-0.7892398574204833,0.14570022434030805
43,39.5,True,38.5,False,3867,3780,272.5056334451464,0.0013939791855417532
43,40.5,True,39.5,True,3868,3867,-0.7917047194849829,0.134512988854
43,40.5,True,39.5,False,3868,3781,273.6688224270261,0.0015010343253436989
43,41.5,True,40.5,True,3869,3868,-0.7941385707639768,0.12015566942044541
43,41.5,True,40.5,False,3869,3782,274.8271126955624,0.0016097546588693988
43,42.5,True,41.5,True,3870,3869,-0.7965420561064036,0.10112365589893875
43,42.5,True,41.5,False,3870,3783,275.9805656274772,0.0017201197576791575
43,43.5,True,42.5,True,3871,3870,-0.7989158017430498,0.07365630233052761
43,43.5,True,42.5,False,3871,3784,277.12924132841295,0.0018321097257173549
44,-43.5,False,-44.5,False,3873,3872,-2.4431802419311026,0.07281362271633511
44,-42.5,False,-43.5,False,3874,3873,-2.4281065970279627,-0.10004376861208171
44,-42.5,False,-43.5,True,3874,3961,-152.52479260756007,-5.2950076095838973e-05
44,-41.5,False,-42.5,False,3875,3874,-2.413651977337203,-0.11896718889323755
44,-41.5,False,-42.5,True,3875,3962,-154.62241762314,-9.344177874113621e-05
44,-40.5,False,-41.5,False,3876,3875,-2.3997751393594626,-0.133292271166519
44,-40.5,False,-41.5,True,3876,3963,-156.69171118105146,-0.00013419498808802708
44,-39.5,False,-40.5,False,3877,3876,-2.3864385871209493,-0.14450140986065024
44,-39.5,False,-40.5,True,3877,3964,-158.73379134874665,-0.00017542537633068544
44,-38.5,False,-39.5,False,3878,3877,-2.3736081454150693,-0.15337845525425886
44,-38.5,False,-39.5,True,3878,3965,-160.74970452249744,-0.0002170070447234945
44,-37.5,False,-38.5,False,3879,3878,-2.3612525909802287,-0.16040343857681608
44,-37.5,False,-38.5,True,3879,3966,-162.74043170010754,-0.000258764347918004
44,-36.5,False,-37.5,False,3880,3879,-2.3493433325413235,-0.16589883572606015
44,-36.5,False,-37.5,True,3880,3967,-164.70689406484388,-0.00030052282979758265
44,-35.5,False,-36.5,False,3881,3880,-2.337854132244054,-0.1700956509308523
44,-35.5,False,-36.5,True,3881,3968,-166.649957970844,-0.0003421213652656185
44,-34.5,False,-35.5,False,3882,3881,-2.3267608622983573,-0.1731673964645205
44,-34.5,False,-35.5,True,3882,3969,-168.57043940660122,-0.0003834147742102488
44,-33.5,False,-34.5,False,3883,3882,-2.3160412916888617,-0.17524925038071523
44,-33.5,False,-34.5,True,3883,3970,-170.46910800180322,-0.0004242735845145889
44,-32.5,False,-33.5,False,3884,3883,-2.30567489865944,-0.17644963301851257
44,-32.5,False,-33.5,True,3884,3971,-172.3466906333663,-0.0004645828944670093
44,-31.5,False,-32.5,False,3885,3884,-2.2956427053688344,-0.176857592373703
44,-31.5,False,-32.5,True,3885,3972,-174.20387467860937,-0.0005042409951977176
44,-30.5,False,-31.5,False,3886,3885,-2.2859271316848933,-0.17654772616842956
44,-30.5,False,-31.5,True,3886,3973,-176.04131095687785,-0.0005431579951058674
44,-29.5,False,-30.5,False,3887,3886,-2.276511865553246,-0.1755835825146259
44,-29.5,False,-30.5,True,3887,3974,-177.85961639533082,-0.0005812545352154217
44,-28.5,False,-29.5,False,3888,3887,-2.2673817477641336,-0.17402008153278486
44,-28.5,False,-29.5,True,3888,3975,-179.65937644986298,-0.0006184606239476927
44,-27.5,False,-28.5,False,3889,3888,-2.2585226692654388,-0.17190528477954015
44,-27.5,False,-28.5,True,3889,3976,-181.44114730810733,-0.0006547145949375451
44,-26.5,False,-27.5,False,3890,3889,-2.2499214794378872,-0.16928171719620286
44,-26.5,False,-27.5,True,3890,3977,-183.20545789802543,-0.0006899621813739655
44,-25.5,False,-26.5,False,3891,3890,-2.2415659039767206,-0.166187374097147
44,-25.5,False,-26.5,True,3891,3978,-184.95281172265481,-0.0007241556965904019
44,-24.5,False,-25.5,False,3892,3891,-2.2334444712120742,-0.16265650147706393
44,-24.5,False,-25.5,True,3892,3979,-186.68368853905838,-0.0007572533097021137
44,-23.5,False,-24.5,False,3893,3892,-2.2255464458626903,-0.15872020994088437
44,-23.5,False,-24.5,True,3893,3980,-188.39854589734796,-0.0007892184054252023
44,-22.5,False,-23.5,False,3894,3893,-2.2178617693518703,-0.1544069643751283
44,-22.5,False,-23.5,True,3894,3981,-190.0978205537773,-0.0008200190180559779
44,-21.5,False,-22.5,False,3895,3894,-2.210381005931964,-0.14974297936604253
44,-21.5,False,-22.5,True,3895,3982,-191.78192977027592,-0.0008496273306161719
44,-20.5,False,-21.5,False,3896,3895,-2.2030952939596062,-0.14475254212319646
44,-20.5,False,-21.5,True,3896,3983,-193.45127251138223,-0.0008780192311959616
44,-19.5,False,-20.5,False,3897,3896,-2.195996301751194,-0.13945827894202842
44,-19.5,False,-20.5,True,3897,3984,-195.10623054830785,-0.0009051739195003909
44,-18.5,False,-19.5,False,3898,3897,-2.189076187516946,-0.13388137719345009
44,-18.5,False,-19.5,True,3898,3985,-196.74716947879077,-0.0009310735574814736
44,-17.5,False,-18.5,False,3899,3898,-2.1823275629362087,-0.12804177192405616
44,-17.5,False,-18.5,True,3899,3986,-198.37443967045868,-0.0009557029587161541
44,-16.5,False,-17.5,False,3900,3899,-2.175743459989434,-0.12195830403444101
44,-16.5,False,-17.5,True,3900,3987,-199.98837713459912,-0.0009790493118802125
44,-15.5,False,-16.5,False,3901,3900,-2.1693173007076325,-0.1156488554409342
44,-15.5,False,-16.5,True,3901,3988,-201.58930433651096,-0.0010011019342572108
44,-14.5,False,-15.5,False,3902,3901,-2.163042869541087,-0.10913046545861252
44,-14.5,False,-15.5,True,3902,3989,-203.17753094797445,-0.0010218520517482673
44,-13.5,False,-14.5,False,3903,3902,-2.156914288083769,-0.10241943176127769
44,-13.5,False,-14.5,True,3903,3990,-204.75335454681414,-0.001041292602291611
44,-12.5,False,-13.5,False,3904,3903,-2.1509259919190953,-0.09553139860062532
44,-12.5,False,-13.5,True,3904,3991,-206.31706126803175,-0.0010594180599935413
44,-11.5,False,-12.5,False,3905,3904,-2.1450727093800452,-0.08848143444792479
44,-11.5,False,-12.5,True,3905,3992,-207.86892641054567,-0.0010762242776082257
44,-10.5,False,-11.5,False,3906,3905,-2.1393494420397445,-0.08128410081834107
44,-10.5,False,-11.5,True,3906,3993,-209.40921500318024,-0.001091708345296733
44,-9.5,False,-10.5,False,3907,3906,-2.133751446767562,-0.07395351372236199
44,-9.5,False,-10.5,True,3907,3994,-210.93818233320235,-0.0011058684638486631
44,-8.5,False,-9.5,False,3908,3907,-2.1282742192049966,-0.06650339894005414
44,-8.5,False,-9.5,True,3908,3995,-212.45607444038967,-0.0011187038307699983
44,-7.5,False,-8.5,False,3909,3908,-2.122913478530279,-0.05894714211674827
44,-7.5,False,-8.5,True,3909,3996,-213.96312857933975,-0.0011302145378325264
44,-6.5,False,-7.5,False,3910,3909,-2.117665153394384,-0.05129783452189042
44,-6.5,False,-7.5,True,3910,3997,-215.4595736524792,-0.0011404014788455128
44,-5.5,False,-6.5,False,3911,3910,-2.1125253689237553,-0.043568315187602874
44,-5.5,False,-6.5,True,3911,3998,-216.94563061601212,-0.0011492662665572126
44,-4.5,False,-5.5,False,3912,3911,-2.1074904346953645,-0.035771210043516216
44,-4.5,False,-5.5,True,3912,3999,-218.421512860846,-0.0011568111577190216
44,-3.5,False,-4.5,False,3913,3912,-2.1025568335991522,-0.027918968584723956
44,-3.5,False,-4.5,True,3913,4000,-219.8874265703553,-0.001163038985456996
44,-2.5,False,-3.5,False,3914,3913,-2.0977212115114696,-0.020023898546547878
44,-2.5,False,-3.5,True,3914,4001,-221.34357105668073,-0.0011679530981917464
44,-1.5,False,-2.5,False,3915,3914,-2.092980367710851,-0.012098199010319577
44,-1.5,False,-2.5,True,3915,4002,-222.79013907711783,-0.0011715573044326108
44,-0.5,False,-1.5,False,3916,3915,-2.0883312459739045,-0.004153992326433206
44,-0.5,False,-1.5,True,3916,4003,-224.22731713201736,-0.0011738558228478568
44,0.5,False,-0.5,False,3917,3916,-2.0837709262944344,0.003796644787079228
44,0.5,False,-0.5,True,3917,4004,-225.65528574550046,-0.0011748532370770722
44,1.5,False,0.5,False,3918,3917,-2.079296617175615,0.011741650631421737
44,1.5,False,0.5,True,3918,4005,-227.0742197301853,-0.0011745544548100479
44,2.5,False,1.5,False,3919,3918,-2.074905648448663,0.01966894807152378
44,2.5,False,1.5,True,3919,4006,-228.48428843702436,-0.0011729646707067112
44,3.5,False,2.5,False,3920,3919,-2.070595464575831,0.027566413913959552
44,3.5,False,2.5,True,3920,4007,-229.88565599126366,-0.001170089332779917
44,4.5,False,3.5,False,3921,3920,-2.066363618399535,0.035421847790300894
44,4.5,False,3.5,True,3921,4008,-231.2784815154538,-0.0011659341118982881
44,5.5,False,4.5,False,3922,3921,-2.0622077653037536,0.04322294020655622
44,5.5,False,4.5,True,3922,4009,-232.66291934037187,-0.0011605048741056578
44,6.5,False,5.5,False,3923,3922,-2.05812565775463,0.05095723939994212
44,6.5,False,5.5,True,3923,4010,-234.03911920464503,-0.00115380765548111
44,7.5,False,6.5,False,3924,3923,-2.054115140192536,0.05861211661604612
44,7.5,False,6.5,True,3924,4011,-235.40722644380696,-0.0011458486392923856
44,8.5,False,7.5,False,3925,3924,-2.0501741442488424,0.06617472938128346
44,8.5,False,7.5,True,3925,4012,-236.76738216946313,-0.001136634135219268
44,9.5,False,8.5,False,3926,3925,-2.0463006842630875,0.07363198229583677
44,9.5,False,8.5,True,3926,4013,-238.11972343918987,-0.0011261705604440233
44,10.5,False,9.5,False,3927,3926,-2.0424928530786417,0.08097048480882073
44,10.5,False,9.5,True,3927,4014,-239.46438341774638,-0.001114464422423396
44,11.5,False,10.5,False,3928,3927,-2.038748818097048,0.0881765053574177
44,11.5,False,10.5,True,3928,4015,-240.80149153013684,-0.0011015223031754166
44,12.5,False,11.5,False,3929,3928,-2.0350668175716464,0.095235921151352
44,12.5,False,11.5,True,3929,4016,-242.13117360702032,-0.0010873508449233758
44,13.5,False,12.5,False,3930,3929,-2.0314451571238976,0.102134162758463
44,13.5,False,12.5,True,3930,4017,-243.45355202293064,-0.0010719567369538241
44,14.5,False,13.5,False,3931,3930,-2.027882206467325,0.1088561524897383
44,14.5,False,13.5,True,3931,4018,-244.76874582773664,-0.0010553467035531701
44,15.5,False,14.5,False,3932,3931,-2.024376396323646,0.1153862353844043
44,15.5,False,14.5,True,3932,4019,-246.07687087174241,-0.001037527492892105
44,16.5,False,15.5,False,3933,3932,-2.0209262155182444,0.12170810134615179
44,16.5,False,15.5,True,3933,4020,-247.37803992479908,-0.0010185058667336474
44,17.5,False,16.5,False,3934,3933,-2.017530208243329,0.12780469666494665
44,17.5,False,16.5,True,3934,4021,-248.67236278977543,-0.0009982885908379779
44,18.5,False,17.5,False,3935,3934,-2.0141869714768177,0.13365812275448075
44,18.5,False,17.5,True,3935,4022,-249.95994641071036,-0.000976882425935795
44,19.5,False,18.5,False,3936,3935,-2.0108951525464533,0.13924951941489402
44,19.5,False,18.5,True,3936,4023,-251.2408949759484,-0.0009542941191320315
44,20.5,False,19.5,False,3937,3936,-2.007653446830574,0.14455892925504493
44,20.5,False,19.5,True,3937,4024,-252.51531001654024,-0.0009305303955883861
44,21.5,False,20.5,False,3938,3937,-2.004460595585357,0.1495651390239616
44,21.5,False,20.5,True,3938,4025,-253.78329050017095,-0.0009055979503069905
44,22.5,False,21.5,False,3939,3938,-2.001315383891182,0.15424549243050723
44,22.5,False,21.5,True,3939,4026,-255.04493292086227,-0.0008795034398032946
44,23.5,False,22.5,False,3940,3939,-1.9982166387101188,0.15857566746395918
44,23.5,False,22.5,True,3940,4027,-256.3003313846783,-0.0008522534734007241
44,24.5,False,23.5,False,3941,3940,-1.995163227048124,0.16252940910668276
44,24.5,False,23.5,True,3941,4028,-257.5495776916514,-0.0008238546037975552
44,25.5,False,24.5,False,3942,3941,-1.9921540542139553,0.1660782054182078
44,25.5,False,24.5,True,3942,4029,-258.7927614141282,-0.000794313316439082
44,26.5,False,25.5,False,3943,3942,-1.989188062170399,0.16919089091464715
44,26.5,False,25.5,True,3943,4030,-260.0299699717274,-0.0007636360170410646
44,27.5,False,26.5,False,3944,3943,-1.986264227971418,0.17183315542850297
44,27.5,False,26.5,True,3944,4031,-261.261288703084,-0.0007318290163355639
44,28.5,False,27.5,False,3945,3944,-1.9833815622795896,0.17396692836789085
44,28.5,False,27.5,True,3945,4032,-262.48680093454976,-0.0006988985106792191
44,29.5,False,28.5,False,3946,3945,-1.9805391079598564,0.17554959615317287
44,29.5,False,28.5,True,3946,4033,-263.70658804600396,-0.0006648505564723345
44,30.5,False,29.5,False,3947,3946,-1.9777359387437912,0.17653299238351358
44,30.5,False,29.5,True,3947,4034,-264.92072953392244,-0.0006296910352332118
44,31.5,False,30.5,False,3948,3947,-1.9749711579620737,0.17686207224997746
44,31.5,False,30.5,True,3948,4035,-266.1293030718431,-0.0005934256042971853
44,32.5,False,31.5,False,3949,3948,-1.9722438973389274,0.17647313837844752
44,32.5,False,31.5,True,3949,4036,-267.33238456835886,-0.0005560596249203695
44,33.5,False,32.5,False,3950,3949,-1.9695533158466674,0.1752914129436743
44,33.5,False,32.5,True,3950,4037,-268.5300482227592,-0.0005175980538270267
44,34.5,False,33.5,False,3951,3950,-1.9668985986161829,0.17322762850912757
44,34.5,False,33.5,True,3951,4038,-269.7223665784369,-0.0004780452735941354
44,35.5,False,34.5,False,3952,3951,-1.964278955899772,0.17017309411719173
44,35.5,False,34.5,True,3952,4039,-270.9094105741676,-0.0004374048164625466
44,36.5,False,35.5,False,3953,3952,-1.961693622084283,0.16599229285700529
44,36.5,False,35.5,True,3953,4040,-272.09124959336646,-0.0003956788932059427
44,37.5,False,36.5,False,3954,3953,-1.9591418547508965,0.16051127973531518
44,37.5,False,36.5,True,3954,4041,-273.2679515114164,-0.0003528675438102063
44,38.5,False,37.5,False,3955,3954,-1.9566229337797836,0.15349848338615174
44,38.5,False,37.5,True,3955,4042,-274.43958274116187,-0.00030896699921638935
44,39.5,False,38.5,False,3956,3955,-1.9541361604957501,0.1446306576644229
44,39.5,False,38.5,True,3956,4043,-275.6062082766522,-0.00026396623901802713
44,40.5,False,39.5,False,3957,3956,-1.9516808568546367,0.13342667052561097
44,40.5,False,39.5,True,3957,4044,-276.76789173521735,-0.0002178388958733228
44,41.5,False,40.5,False,3958,3957,-1.9492563646661836,0.11910097131515082
44,41.5,False,40.5,True,3958,4045,-277.924695397953,-0.00017052098304503192
44,42.5,False,41.5,False,3959,3958,-1.9468620448530203,0.10016817380437236
44,42.5,False,41.5,True,3959,4046,-279.0766802486869,-0.0001218331251298929
44,43.5,False,42.5,False,3960,3959,-1.944497276742851,0.07291306007995621
44,43.5,False,42.5,True,3960,4047,-280.22390601149755,-7.10631911996782e-05
44,-43.5,True,-44.5,False,3961,3872,147.653505768601,-0.003397690046751678
44,-42.5,True,-43.5,True,3962,3961,-0.31602696175727374,-0.0729630704923708
44,-42.5,True,-43.5,False,3962,3873,149.78065904877482,0.0030815662798687974
44,-41.5,True,-42.5,True,3963,3962,-0.330481581447998,-0.10022903175678005
44,-41.5,True,-42.5,False,3963,3874,151.8782840643548,0.0027840822663138254
44,-40.5,True,-41.5,True,3964,3963,-0.3443584194257596,-0.11916452378526962
44,-40.5,True,-41.5,False,3964,3875,153.94757762226624,0.0025039887798890483
44,-39.5,True,-40.5,True,3965,3964,-0.357694971664273,-0.1334885440148667
44,-39.5,True,-40.5,False,3965,3876,155.98965778996143,0.0022401569790257863
44,-38.5,True,-39.5,True,3966,3965,-0.3705254133701317,-0.14468817219420668
44,-38.5,True,-39.5,False,3966,3877,158.00557096371224,0.0019915638875498327
44,-37.5,True,-38.5,True,3967,3966,-0.3828809678049936,-0.1535499320619737
44,-37.5,True,-38.5,False,3967,3878,159.9962981413223,0.001757279951154123
44,-36.5,True,-37.5,True,3968,3967,-0.3947902262439129,-0.16055558614954527
44,-36.5,True,-37.5,False,3968,3879,161.96276050605863,0.001536458329204779
44,-35.5,True,-36.5,True,3969,3968,-0.4062794265411469,-0.16602881809632844
44,-35.5,True,-36.5,False,3969,3880,163.90582441205882,0.001328325644095891
44,-34.5,True,-35.5,True,3970,3969,-0.4173726964868649,-0.1702015159481332
44,-34.5,True,-35.5,False,3970,3881,165.826305847816,0.0011321739602633998
44,-33.5,True,-34.5,True,3971,3970,-0.4280922670963605,-0.17324786015145782
44,-33.5,True,-34.5,False,3971,3882,167.724974443018,0.0009473538049716216
44,-32.5,True,-33.5,True,3972,3971,-0.43845866012577517,-0.17530354560773406
44,-32.5,True,-33.5,False,3972,3883,169.60255707458109,0.0007732680752416655
44,-31.5,True,-32.5,True,3973,3972,-0.44849085341638784,-0.17647739905195972
44,-31.5,True,-32.5,False,3973,3884,171.45974111982414,0.0006093667014207477
44,-30.5,True,-31.5,True,3974,3973,-0.45820642710029347,-0.17685879178283662
44,-30.5,True,-31.5,False,3974,3885,173.29717739809269,0.00045514195918241513
44,-29.5,True,-30.5,True,3975,3974,-0.4676216932319903,-0.17652258081055788
44,-29.5,True,-30.5,False,3975,3886,175.1154828365456,0.0003101243391575123
44,-28.5,True,-29.5,True,3976,3975,-0.47675181102107445,-0.17553252326945168
44,-28.5,True,-29.5,False,3976,3887,176.91524289107775,0.00017387889771448075
44,-27.5,True,-28.5,True,3977,3976,-0.4856108895197906,-0.17394370821584149
44,-27.5,True,-28.5,False,3977,3888,178.69701374932208,4.600202422366104e-05
44,-26.5,True,-27.5,True,3978,3977,-0.494212079347335,-0.1718043337615398
44,-26.5,True,-27.5,False,3978,3889,180.4613243392402,-7.38814300673584e-05
44,-25.5,True,-26.5,True,3979,3978,-0.5025676548085016,-0.16915703496606097
44,-25.5,True,-26.5,False,3979,3890,182.2086781638696,-0.0001861207082650626
44,-24.5,True,-25.5,True,3980,3979,-0.5106890875731267,-0.16603989548254453
44,-24.5,True,-25.5,False,3980,3891,183.9395549802732,-0.00029104142907982475
44,-23.5,True,-24.5,True,3981,3980,-0.5185871129225319,-0.16248723156436343
44,-23.5,True,-24.5,False,3981,3892,185.65441233856274,-0.0003889476272957155
44,-22.5,True,-23.5,True,3982,3981,-0.5262717894333235,-0.1585302089677197
44,-22.5,True,-23.5,False,3982,3893,187.35368699499207,-0.00048012358285912994
44,-21.5,True,-22.5,True,3983,3982,-0.5337525528532865,-0.15419733503592947
44,-21.5,True,-22.5,False,3983,3894,189.03779621149067,-0.0005648354639306019
44,-20.5,True,-21.5,True,3984,3983,-0.5410382648255876,-0.14951485609344065
44,-20.5,True,-21.5,False,3984,3895,190.70713895259706,-0.0006433328058100548
44,-19.5,True,-20.5,True,3985,3984,-0.5481372570340284,-0.14450708199991683
44,-19.5,True,-20.5,False,3985,3896,192.36209698952263,-0.0007158498447295766
44,-18.5,True,-19.5,True,3986,3985,-0.5550573712682763,-0.13919665396738895
44,-18.5,True,-19.5,False,3986,3897,194.00303592000554,-0.0007826067230202056
44,-17.5,True,-18.5,True,3987,3986,-0.5618059958490136,-0.13360476768199125
44,-17.5,True,-18.5,False,3987,3898,195.63030611167346,-0.000843810580037321
44,-16.5,True,-17.5,True,3988,3987,-0.5683900987957884,-0.12775136085535646
44,-16.5,True,-17.5,False,3988,3899,197.2442435758139,-0.0008996565414070367
44,-15.5,True,-16.5,True,3989,3988,-0.5748162580775897,-0.12165527220580806
44,-15.5,True,-16.5,False,3989,3900,198.84517077772574,-0.0009503286175929135
44,-14.5,True,-15.5,True,3990,3989,-0.5810906892441068,-0.11533437730055167
44,-14.5,True,-15.5,False,3990,3901,200.43339738918928,-0.0009960005214343756
44,-13.5,True,-14.5,True,3991,3990,-0.5872192707014534,-0.10880570551744984
44,-13.5,True,-14.5,False,3991,3902,202.00922098802891,-0.0010368364131439257
44,-12.5,True,-13.5,True,3992,3991,-0.593207566866127,-0.10208554149878463
44,-12.5,True,-13.5,False,3992,3903,203.57292770924653,-0.0010729915802438366
44,-11.5,True,-12.5,True,3993,3992,-0.599060849405177,-0.09518951379281936
44,-11.5,True,-12.5,False,3993,3904,205.12479285176045,-0.001104613059048083
44,-10.5,True,-11.5,True,3994,3993,-0.6047841167454777,-0.08813267285758569
44,-10.5,True,-11.5,False,3994,3905,206.665081444395,-0.0011318402035326684
44,-9.5,True,-10.5,True,3995,3994,-0.6103821120176605,-0.08092956019616428
44,-9.5,True,-10.5,False,3995,3906,208.19404877441713,-0.0011548052067788942
44,-8.5,True,-9.5,True,3996,3995,-0.6158593395801972,-0.07359427007548199
44,-8.5,True,-9.5,False,3996,3907,209.71194088160448,-0.0011736335795896698
44,-7.5,True,-8.5,True,3997,3996,-0.6212200802549432,-0.06614050503062893
44,-7.5,True,-8.5,False,3997,3908,211.21899502055453,-0.001188444590376769
44,-6.5,True,-7.5,True,3998,3997,-0.6264684053908383,-0.05858162615853685
44,-6.5,True,-7.5,False,3998,3909,212.71544009369399,-0.0011993516699682193
44,-5.5,True,-6.5,True,3999,3998,-0.6316081898614669,-0.05093069904715138
44,-5.5,True,-6.5,False,3999,3910,214.2014970572269,-0.0012064627845964709
44,-4.5,True,-5.5,True,4000,3999,-0.6366431240898578,-0.04320053606032894
44,-4.5,True,-5.5,False,4000,3911,215.67737930206079,-0.0012098807799831052
44,-3.5,True,-4.5,True,4001,4000,-0.6415767251860416,-0.03540373559813697
44,-3.5,True,-4.5,False,4001,3912,217.1432930115701,-0.0012097036991321616
44,-2.5,True,-3.5,True,4002,4001,-0.6464123472737526,-0.02755271887203258
44,-2.5,True,-3.5,False,4002,3913,218.5994374978955,-0.001206025076175746
44,-1.5,True,-2.5,True,4003,4002,-0.6511531910743713,-0.01965976467083555
44,-1.5,True,-2.5,False,4003,3914,220.0460055183326,-0.001198934208377622
44,-0.5,True,-1.5,True,4004,4003,-0.6558023128113177,-0.011737042543577934
44,-0.5,True,-1.5,False,4004,3915,221.48318357323214,-0.0011885164081907192
44,0.5,True,-0.5,True,4005,4004,-0.6603626324907879,-0.00379664478707921
44,0.5,True,-0.5,False,4005,3916,222.91115218671524,-0.001174853237077086
44,1.5,True,0.5,True,4006,4005,-0.6648369416096074,0.004149382402163796
44,1.5,True,0.5,False,4006,3917,224.33008617140007,-0.001158022722631272
44,2.5,True,1.5,True,4007,4006,-0.6692279103365308,0.012089008271611607
44,2.5,True,1.5,False,4007,3918,225.74015487823917,-0.0011380995604005214
44,3.5,True,2.5,True,4008,4007,-0.6735380942093911,0.020010187023073375
44,3.5,True,2.5,False,4008,3919,227.14152243247844,-0.001115155301664122
44,4.5,True,3.5,True,4009,4008,-0.6777699403856872,0.027900827164887898
44,4.5,True,3.5,False,4009,3920,228.53434795666857,-0.0010892585283123345
44,5.5,True,4.5,True,4010,4009,-0.6819257934814686,0.03574876037727575
44,5.5,True,4.5,False,4010,3921,229.91878578158665,-0.0010604750158637918
44,6.5,True,5.5,True,4011,4010,-0.6860079010305924,0.043541709551015516
44,6.5,True,5.5,False,4011,3922,231.2949856458598,-0.001028867885561325
44,7.5,True,6.5,True,4012,4011,-0.6900184185926719,0.0512672556403226
44,7.5,True,6.5,False,4012,3923,232.66309288502177,-0.0009944977464037758
44,8.5,True,7.5,True,4013,4012,-0.6939594145363657,0.058912802942737146
44,8.5,True,7.5,False,4013,3924,234.02324861067794,-0.0009574228278935382
44,9.5,True,8.5,True,4014,4013,-0.6978328745221489,0.06646554238078217
44,9.5,True,8.5,False,4014,3925,235.37558988040462,-0.0009176991042106472
44,10.5,True,9.5,True,4015,4014,-0.7016407057065805,0.0739124123105564
44,10.5,True,9.5,False,4015,3926,236.72024985896115,-0.0008753804104618525
44,11.5,True,10.5,True,4016,4015,-0.7053847406881602,0.08124005631909796
44,11.5,True,10.5,False,4016,3927,238.05735797135162,-0.0008305185515992133
44,12.5,True,11.5,True,4017,4016,-0.7090667412135758,0.08843477739247686
44,12.5,True,11.5,False,4017,3928,239.3870400482351,-0.0007831634045479396
44,13.5,True,12.5,True,4018,4017,-0.7126884016613246,0.09548248773633991
44,13.5,True,12.5,False,4018,3929,240.70941846414541,-0.0007333630140418008
44,14.5,True,13.5,True,4019,4018,-0.7162513523178689,0.1023686534051702
44,14.5,True,13.5,False,4019,3930,242.02461226895144,-0.0006811636826213103
44,15.5,True,14.5,True,4020,4019,-0.7197571624615762,0.10907823273929941
44,15.5,True,14.5,False,4020,3931,243.3327373129572,-0.0006266100552099287
44,16.5,True,15.5,True,4021,4020,-0.7232073432669637,0.11559560741115701
44,16.5,True,15.5,False,4021,3932,244.6339063660139,-0.0005697451986543286
44,17.5,True,16.5,True,4022,4021,-0.7266033505418932,0.12190450463296032
44,17.5,True,16.5,False,4022,3933,245.9282292309902,-0.000510610676578672
44,18.5,True,17.5,True,4023,4022,-0.7299465873084188,0.12798790876172483
44,18.5,True,17.5,False,4023,3934,247.21581285192514,-0.00044924661987998576
44,19.5,True,18.5,True,4024,4023,-0.7332384062387405,0.13382796013344953
44,19.5,True,18.5,False,4024,3935,248.4967614171632,-0.00038569179315903944
44,20.5,True,19.5,True,4025,4024,-0.7364801119546485,0.13940583843836957
44,20.5,True,19.5,False,4025,3936,249.77117645775502,-0.00031998365736638927
44,21.5,True,20.5,True,4026,4025,-0.7396729631998653,0.14470162727440702
44,21.5,True,20.5,False,4026,3937,251.03915694138573,-0.00025215842891447863
44,22.5,True,21.5,True,4027,4026,-0.7428181748940546,0.14969415563206528
44,22.5,True,21.5,False,4027,3938,252.30079936207704,-0.00018225113549094109
44,23.5,True,22.5,True,4028,4027,-0.7459169200750893,0.15436081089440432
44,23.5,True,22.5,False,4028,3939,253.55619782589312,-0.00011029566878997677
44,24.5,True,23.5,True,4029,4028,-0.7489703317370839,0.15867731637070376
44,24.5,True,23.5,False,4029,3940,254.80544413286617,-3.632483436242261e-05
44,25.5,True,24.5,True,4030,4029,-0.7519795045712527,0.1626174642626632
44,25.5,True,24.5,False,4030,3941,256.04862785534306,3.962960123105791e-05
44,26.5,True,25.5,True,4031,4030,-0.7549454966148232,0.1661527920524719
44,26.5,True,25.5,False,4031,3942,257.28583641294216,0.00011753686579136389
44,27.5,True,26.5,True,4032,4031,-0.7578693308138043,0.1692521862500049
44,27.5,True,26.5,False,4032,3943,258.5171551442987,0.00019736713921694683
44,28.5,True,27.5,True,4033,4032,-0.7607519965056326,0.17188139170206782
44,28.5,True,27.5,False,4033,3944,259.74266737576454,0.00027909151345822036
44,29.5,True,28.5,True,4034,4033,-0.7635944508253658,0.17400239640713974
44,29.5,True,28.5,False,4034,3945,260.9624544872188,0.0003626819545514684
44,30.5,True,29.5,True,4035,4034,-0.7663976200414311,0.1755726496475056
44,30.5,True,29.5,False,4035,3946,262.17659597513716,0.00044811126660748376
44,31.5,True,30.5,True,4036,4035,-0.7691624008231486,0.17654405303928422
44,31.5,True,30.5,False,4036,3947,263.3851695130578,0.0005353530576318992
44,32.5,True,31.5,True,4037,4036,-0.7718896614462949,0.17686163608641678
44,32.5,True,31.5,False,4037,3948,264.5882510095736,0.000624381707072577
44,33.5,True,32.5,True,4038,4037,-0.7745802429385122,0.17646178352490016
44,33.5,True,32.5,False,4038,3949,265.78591466397404,0.0007151723349866215
44,34.5,True,33.5,True,4039,4038,-0.7772349601690394,0.1752698094557352
44,34.5,True,33.5,False,4039,3950,266.97823301965167,0.0008077007727338961
44,35.5,True,34.5,True,4040,4039,-0.7798546028854503,0.17319655096905276
44,35.5,True,34.5,False,4040,3951,268.1652770153824,0.0009019435351080394
44,36.5,True,35.5,True,4041,4040,-0.7824399367009249,0.17013343818983825
44,36.5,True,35.5,False,4041,3952,269.34711603458123,0.0009978777938194348
44,37.5,True,36.5,True,4042,4041,-0.7849917040343257,0.1659450976681434
44,37.5,True,36.5,False,4042,3953,270.5238179526312,0.0010954813522562514
44,38.5,True,37.5,True,4043,4042,-0.7875106250054387,0.16045775919794458
44,38.5,True,37.5,False,4043,3954,271.69544918237665,0.0011947326214453208
44,39.5,True,38.5,True,4044,4043,-0.7899973982894721,0.1534400720360245
44,39.5,True,38.5,False,4044,3955,272.86207471786696,0.0012956105971533216
44,40.5,True,39.5,True,4045,4044,-0.7924527019305856,0.14456908169372615
44,40.5,True,39.5,False,4045,3956,274.0237581764321,0.0013980948380548446
44,41.5,True,40.5,True,4046,4045,-0.7948771941190387,0.1333640667614843
44,41.5,True,40.5,False,4046,3957,275.1805618391677,0.0015021654449174436
44,42.5,True,41.5,True,4047,4046,-0.797271513932202,0.11904010991368148
44,42.5,True,41.5,False,4047,3958,276.33254668990173,0.0016078030407415149
44,43.5,True,42.5,True,4048,4047,-0.7996362820423712,0.10011295411489428
44,43.5,True,42.5,False,4048,3959,277.4797724527124,0.0017149887518047623
44,44.5,True,43.5,True,4049,4048,-0.8019721013926358,0.07287003536268902
44,44.5,True,43.5,False,4049,3960,278.6222976280626,0.0018237041895649184
45,-44.5,False,-45.5,False,4051,4050,-2.45391894946966,0.07204943929451321
45,-43.5,False,-44.5,False,4052,4051,-2.438393912892792,-0.09905910527922533
45,-43.5,False,-44.5,True,4052,4141,-151.066557338502,-5.0137040506428315e-05
45,-42.5,False,-43.5,False,4053,4052,-2.4235186644263678,-0.11787726425724944
45,-42.5,False,-43.5,True,4053,4142,-153.18433635703596,-8.878187568721511e-05
45,-41.5,False,-42.5,False,4054,4053,-2.409249103156988,-0.13216585171017983
45,-41.5,False,-42.5,True,4054,4143,-155.27297056583407,-0.00012788591308099037
45,-40.5,False,-41.5,False,4055,4054,-2.3955452081358857,-0.14338763603757754
45,-40.5,False,-41.5,True,4055,4144,-157.33363131834176,-0.0001676211525811388
45,-39.5,False,-40.5,False,4056,4055,-2.3823705655374283,-0.15231554250430954
45,-39.5,False,-40.5,True,4056,4145,-159.3674135332298,-0.0002078423382907941
45,-38.5,False,-39.5,False,4057,4056,-2.369691961118839,-0.15942257502138266
45,-38.5,False,-39.5,True,4057,4146,-161.37534250110087,-0.00024836104668092524
45,-37.5,False,-38.5,False,4058,4057,-2.357479027582073,-0.16502625933906506
45,-37.5,False,-38.5,True,4058,4147,-163.35837993101657,-0.00028899308081694025
45,-36.5,False,-37.5,False,4059,4058,-2.3457039383057605,-0.16935388652299274
45,-36.5,False,-37.5,True,4059,4148,-165.3174293381192,-0.00032956943753289966
45,-35.5,False,-36.5,False,4060,4059,-2.3343411404092294,-0.1725760517892921
45,-35.5,False,-36.5,True,4060,4149,-167.25334085804894,-0.0003699383822745304
45,-34.5,False,-35.5,False,4061,4060,-2.3233671213145044,-0.17482555875511543
45,-34.5,False,-35.5,True,4061,4150,-169.1669155609875,-0.00040996490293231265
45,-33.5,False,-34.5,False,4062,4061,-2.3127602039487556,-0.17620883982523974
45,-33.5,False,-34.5,True,4062,4151,-171.05890932746553,-0.00044952936733600764
45,-32.5,False,-33.5,False,4063,4062,-2.3025003665251305,-0.17681324009483945
45,-32.5,False,-33.5,True,4063,4152,-172.9300363391542,-0.0004885259972274138
45,-31.5,False,-32.5,False,4064,4063,-2.292569083490122,-0.17671187054503187
45,-31.5,False,-32.5,True,4064,4153,-174.78097223038424,-0.0005268613791726979
45,-30.5,False,-31.5,False,4065,4064,-2.282949184760163,-0.17596696025067585
45,-30.5,False,-31.5,True,4065,4154,-176.6123569398493,-0.0005644530902112574
45,-29.5,False,-30.5,False,4066,4065,-2.27362473081385,-0.17463224286374765
45,-29.5,False,-30.5,True,4066,4155,-178.4247972966381,-0.0006012284602292937
45,-28.5,False,-29.5,False,4067,4066,-2.264580901570355,-0.17275469989599904
45,-28.5,False,-29.5,True,4067,4156,-180.2188693702371,-0.0006371234705207063
45,-27.5,False,-28.5,False,4068,4067,-2.255803897291649,-0.1703758627688256
45,-27.5,False,-28.5,True,4068,4157,-181.99512061031388,-0.0006720817791502576
45,-26.5,False,-27.5,False,4069,4068,-2.2472808500003936,-0.16753280435182458
45,-26.5,False,-27.5,True,4069,4158,-183.7540717988207,-0.0007060538607647701
45,-25.5,False,-26.5,False,4070,4069,-2.238999744119539,-0.16425890705768081
45,-25.5,False,-26.5,True,4070,4159,-185.49621883415543,-0.0007389962480851099
45,-24.5,False,-25.5,False,4071,4070,-2.2309493452202602,-0.16058446696001275
45,-24.5,False,-25.5,True,4071,4160,-187.22203436471,-0.0007708708630036988
45,-23.5,False,-24.5,False,4072,4071,-2.2231191359171447,-0.1565371754613304
45,-23.5,False,-24.5,True,4072,4161,-188.9319692870622,-0.0008016444263130043
45,-22.5,False,-23.5,False,4073,4072,-2.215499258077841,-0.1521425080899566
45,-22.5,False,-23.5,True,4073,4162,-190.62645412227195,-0.000831287936304237
45,-21.5,False,-22.5,False,4074,4073,-2.2080804606259505,-0.14742404187143557
45,-21.5,False,-22.5,True,4074,4163,-192.30590028219055,-0.0008597762076546089
45,-20.5,False,-21.5,False,4075,4074,-2.2008540523072924,-0.14240371707414481
45,-20.5,False,-21.5,True,4075,4164,-193.97070123633853,-0.0008870874631039457
45,-19.5,False,-20.5,False,4076,4075,-2.1938118588725786,-0.13710205513995058
45,-19.5,False,-20.5,True,4076,4165,-195.62123358873322,-0.0009132029713885351
45,-18.5,False,-19.5,False,4077,4076,-2.186946184195378,-0.1315383417470192
45,-18.5,False,-19.5,True,4077,4166,-197.25785807301594,-0.0009381067257542169
45,-17.5,False,-18.5,False,4078,4077,-2.1802497749053913,-0.1257307818657837
45,-17.5,False,-18.5,True,4078,4167,-198.8809204733315,-0.0009617851581107655
45,-16.5,False,-17.5,False,4079,4078,-2.17371578816811,-0.11969663212900927
45,-16.5,False,-17.5,True,4079,4168,-200.49075247761976,-0.000984226884538021
45,-15.5,False,-16.5,False,4080,4079,-2.1673377622840917,-0.1134523146860682
45,-15.5,False,-16.5,True,4080,4169,-202.08767246928676,-0.0010054224784043215
45,-14.5,False,-15.5,False,4081,4080,-2.1611095898219475,-0.10701351584182485
45,-14.5,False,-15.5,True,4081,4170,-203.67198626260762,-0.0010253642678468842
45,-13.5,False,-14.5,False,4082,4081,-2.155025493030081,-0.10039527211654502
45,-13.5,False,-14.5,True,4082,4171,-205.2439877866744,-0.0010440461547739296
45,-12.5,False,-13.5,False,4083,4082,-2.149080001303048,-0.09361204585151653
45,-12.5,False,-13.5,True,4083,4172,-206.80395972222232,-0.0010614634529089292
45,-11.5,False,-12.5,False,4084,4083,-2.1432679305016933,-0.08667779208728095
45,-11.5,False,-12.5,True,4084,4173,-208.35217409524182,-0.0010776127427084981
45,-10.5,False,-11.5,False,4085,4084,-2.137584363950637,-0.0796060181297828
45,-10.5,False,-11.5,True,4085,4174,-209.88889283090896,-0.0010924917412529994
45,-9.5,False,-10.5,False,4086,4085,-2.132024634953538,-0.07240983697394135
45,-9.5,False,-10.5,True,4086,4175,-211.4143682710279,-0.0011060991854422496
45,-8.5,False,-9.5,False,4087,4086,-2.1265843106856153,-0.06510201555911826
45,-8.5,False,-9.5,True,4087,4176,-212.92884365788183,-0.0011184347270300175
45,-7.5,False,-8.5,False,4088,4087,-2.12125917733691,-0.057695018675396045
45,-7.5,False,-8.5,True,4088,4177,-214.43255358711917,-0.001129498838207554
45,-6.5,False,-7.5,False,4089,4088,-2.116045226392899,-0.050201049215067864
45,-6.5,False,-7.5,True,4089,4178,-215.92572443206376,-0.0011392927265984896
45,-5.5,False,-6.5,False,4090,4089,-2.1109386419510088,-0.042632085363831805
45,-5.5,False,-6.5,True,4090,4179,-217.40857474162243,-0.0011478182586600882
45,-4.5,False,-5.5,False,4091,4090,-2.105935788982208,-0.03499991524600611
45,-4.5,False,-5.5,True,4091,4180,-218.88131561377043,-0.0011550778906038086
45,-3.5,False,-4.5,False,4092,4091,-2.101033202455042,-0.02731616947388237
45,-3.5,False,-4.5,True,4092,4181,-220.34415104642244,-0.001161074606047353
45,-2.5,False,-3.5,False,4093,4092,-2.0962275772484986,-0.019592352000266332
45,-2.5,False,-3.5,True,4093,4182,-221.7972782673408,-0.0011658118597016548
45,-1.5,False,-2.5,False,4094,4093,-2.0915157587868975,-0.011839869633119525
45,-1.5,False,-2.5,True,4094,4183,-223.24088804459097,-0.0011692935264727999
45,-0.5,False,-1.5,False,4095,4094,-2.0868947343367523,-0.00407006054034397
45,-0.5,False,-1.5,True,4095,4184,-224.6751649789294,-0.0011715238554280032
45,0.5,False,-0.5,False,4096,4095,-2.082361624910334,0.0037057779500759645
45,0.5,False,-0.5,True,4096,4185,-226.10028777939127,-0.0011725074281348417
45,1.5,False,0.5,False,4097,4096,-2.07791367772748,0.011476361965055203
45,1.5,False,0.5,True,4097,4186,-227.51642952324386,-0.0011722491209363438
45,2.5,False,1.5,False,4098,4097,-2.073548259190048,0.01923039383614799
45,2.5,False,1.5,True,4098,4187,-228.92375790137618,-0.0011707540707702828
45,3.5,False,2.5,False,4099,4098,-2.0692628483285915,0.026956534706655707
45,3.5,False,2.5,True,4099,4188,-230.3224354501096,-0.0011680276441839545
45,4.5,False,3.5,False,4100,4099,-2.065055030683908,0.03464337671560024
45,4.5,False,3.5,True,4100,4189,-231.7126197703369,-0.0011640754092300722
45,5.5,False,4.5,False,4101,4100,-2.0609224925905067,0.042279414468760254
45,5.5,False,4.5,True,4101,4190,-233.0944637348261,-0.0011589031099631176
45,6.5,False,5.5,False,4102,4101,-2.056863015830217,0.04985301549113246
45,6.5,False,5.5,True,4102,4191,-234.46811568446157,-0.001152516643283459
45,7.5,False,6.5,False,4103,4102,-2.0528744726283605,0.05735238933218
45,7.5,False,6.5,True,4103,4192,-235.83371961413494,-0.0011449220379011538
45,8.5,False,7.5,False,4104,4103,-2.048954820967282,0.06476555496418827
45,8.5,False,7.5,True,4104,4193,-237.19141534894536,-0.001136125435213769
45,9.5,False,8.5,False,4105,4104,-2.045102100192878,0.07208030607371395
45,9.5,False,8.5,True,4105,4194,-238.54133871132032,-0.0011261330719124774
45,10.5,False,9.5,False,4106,4105,-2.041314426893109,0.07928417379480882
45,10.5,False,9.5,True,4106,4195,-239.88362167962106,-0.001114951264146444
45,11.5,False,10.5,False,4107,4106,-2.0375899910293924,0.0863643863682475
45,11.5,False,10.5,True,4107,4196,-241.21839253875834,-0.0011025863930914856
45,12.5,False,11.5,False,4108,4107,-2.0339270523016637,0.09330782513049307
45,12.5,False,11.5,True,4108,4197,-242.5457760233042,-0.0010890448917810446
45,13.5,False,12.5,False,4109,4108,-2.030323936731122,0.10010097613586934
45,13.5,False,12.5,True,4109,4198,-243.8658934535518,-0.0010743332330685874
45,14.5,False,13.5,False,4110,4109,-2.0267790334458198,0.10672987659044203
45,14.5,False,13.5,True,4110,4199,-245.17886286494348,-0.0010584579185981494
45,15.5,False,14.5,False,4111,4110,-2.0232907916545173,0.11318005512004134
45,15.5,False,14.5,True,4111,4200,-246.48479913125863,-0.00104142546866834
45,16.5,False,15.5,False,4112,4111,-2.019857717795759,0.11943646469916473
45,16.5,False,15.5,True,4112,4201,-247.78381408192368,-0.0010232424128773063
45,17.5,False,16.5,False,4113,4112,-2.01647837285077,0.12548340682092046
45,17.5,False,16.5,True,4113,4202,-249.076016613785,-0.0010039152814404003
45,18.5,False,17.5,False,4114,4113,-2.013151369809151,0.13130444517558326
45,18.5,False,17.5,True,4114,4203,-250.36151279765969,-0.000983450597068101
45,19.5,False,18.5,False,4115,4114,-2.0098753712766495,0.13688230670635
45,19.5,False,18.5,True,4115,4204,-251.6404059799603,-0.0009618548672921498
45,20.5,False,19.5,False,4116,4115,-2.006649087216175,0.14219876739760232
45,20.5,False,19.5,True,4116,4205,-252.91279687966787,-0.0009391345771122688
45,21.5,False,20.5,False,4117,4116,-2.003471272813755,0.14723451948505337
45,21.5,False,20.5,True,4117,4206,-254.1787836809126,-0.0009152961818258233
45,22.5,False,21.5,False,4118,4117,-2.000340726459825,0.15196901590496967
45,22.5,False,21.5,True,4118,4207,-255.43846212140096,-0.0008903460998756181
45,23.5,False,22.5,False,4119,4118,-1.9972562878407132,0.15638028664558054
45,23.5,False,22.5,True,4119,4208,-256.6919255769163,-0.0008642907055149999
45,24.5,False,23.5,False,4120,4119,-1.9942168361313861,0.16044472011953823
45,24.5,False,23.5,True,4120,4209,-257.9392651421032,-0.0008371363210365234
45,25.5,False,24.5,False,4121,4120,-1.9912212882841516,0.1641368005845831
45,25.5,False,24.5,True,4121,4210,-259.18056970773347,-0.0008088892082301379
45,26.5,False,25.5,False,4122,4121,-1.9882685974074548,0.16742878976839268
45,26.5,False,25.5,True,4122,4211,-260.4159260346399,-0.000779555558618678
45,27.5,False,26.5,False,4123,4122,-1.985357751228264,0.17029033685453657
45,27.5,False,26.5,True,4123,4212,-261.6454188244904,-0.0007491414818394282
45,28.5,False,27.5,False,4124,4123,-1.9824877706342932,0.17268799532664092
45,28.5,False,27.5,True,4124,4213,-262.8691307875677,-0.0007176529912707232
45,29.5,False,28.5,False,4125,4124,-1.9796577082901194,0.17458461701483277
45,29.5,False,28.5,True,4125,4214,-264.0871427077069,-0.0006850959855780984
45,30.5,False,29.5,False,4126,4125,-1.9768666473233907,0.17593858171201476
45,30.5,False,29.5,True,4126,4215,-265.2995335045352,-0.000651476224187474
45,31.5,False,30.5,False,4127,4126,-1.9741137000767424,0.17670280274673436
45,31.5,False,30.5,True,4127,4216,-266.5063802931501,-0.0006167992936050019
45,32.5,False,31.5,False,4128,4127,-1.971398006922044,0.17682342123647643
45,32.5,False,31.5,True,4128,4217,-267.7077584413637,-0.0005810705596866639
45,33.5,False,32.5,False,4129,4128,-1.9687187351320574,0.17623805799586748
45,33.5,False,32.5,True,4129,4218,-268.9037416246325,-0.0005442950978387552
45,34.5,False,33.5,False,4130,4129,-1.9660750778081706,0.17487342067593317
45,34.5,False,33.5,True,4130,4219,-270.09440187878755,-0.0005064775875359282
45,35.5,False,34.5,False,4131,4130,-1.963466252859348,0.17264194290414345
45,35.5,False,34.5,True,4131,4220,-271.2798096506699,-0.00046762214716290844
45,36.5,False,35.5,False,4132,4131,-1.9608915020295683,0.16943691902406577
45,36.5,False,35.5,True,4132,4221,-272.46003384677357,-0.00042773206488805045
45,37.5,False,36.5,False,4133,4132,-1.9583500899725834,0.1651252027971903
45,37.5,False,36.5,True,4133,4222,-273.63514187999056,-0.00038680933938616257
45,38.5,False,37.5,False,4134,4133,-1.9558413033692545,0.15953576087470622
45,38.5,False,37.5,True,4134,4223,-274.80519971454714,-0.00034485385168511696
45,39.5,False,38.5,False,4135,4134,-1.9533644500864398,0.15244072715116175
45,39.5,False,38.5,True,4135,4224,-275.9702719092176,-0.0003018617675317696
45,40.5,False,39.5,False,4136,4135,-1.9509188583746209,0.1435217937763903
45,40.5,False,39.5,True,4136,4225,-277.13042165889345,-0.00025782218021363633
45,41.5,False,40.5,False,4137,4136,-1.9485038761029614,0.13230483745230928
45,41.5,False,40.5,True,4137,4226,-278.2857108345858,-0.00021270921490913297
45,42.5,False,41.5,False,4138,4137,-1.9461188700282435,0.11801520127569745
45,42.5,False,41.5,True,4138,4227,-279.43620002193177,-0.00016646030594906648
45,43.5,False,42.5,False,4139,4138,-1.9437632250974843,0.09918706539994127
45,43.5,False,42.5,True,4139,4228,-280.5819485582723,-0.00011890034632449639
45,44.5,False,43.5,False,4140,4139,-1.9414363437816746,0.07215151679791228
45,44.5,False,43.5,True,4140,4229,-281.72301456836624,-6.933461448931506e-05
45,-44.5,True,-45.5,False,4141,4050,146.17424447613956,-0.00343393782412817
45,-43.5,True,-44.5,True,4142,4141,-0.3057396458924302,-0.07220390993406957
45,-43.5,True,-44.5,False,4142,4051,148.3224237797168,0.0031180660951112995
45,-42.5,True,-43.5,True,4143,4142,-0.3206148943588687,-0.09925100021462686
45,-42.5,True,-43.5,False,4143,4052,150.4402027982507,0.0028209228692117096
45,-41.5,True,-42.5,True,4144,4143,-0.3348844556282131,-0.11808218881969505
45,-41.5,True,-42.5,False,4144,4053,152.52883700704888,0.002541224953728003
45,-40.5,True,-41.5,True,4145,4144,-0.3485883506493508,-0.13237031852322606
45,-40.5,True,-41.5,False,4145,4054,154.5894977595565,0.002277815177092802
45,-39.5,True,-40.5,True,4146,4145,-0.36176299324779393,-0.14358296632509554
45,-39.5,True,-40.5,False,4146,4055,156.62327997444459,0.0020296469141375256
45,-38.5,True,-39.5,True,4147,4146,-0.37444159766636176,-0.15249579718813708
45,-38.5,True,-39.5,False,4147,4056,158.63120894231565,0.0017957708623884607
45,-37.5,True,-38.5,True,4148,4147,-0.38665453120313487,-0.15958358682080187
45,-37.5,True,-38.5,False,4148,4057,160.61424637223138,0.0015753236939984254
45,-36.5,True,-37.5,True,4149,4148,-0.39842962047947594,-0.16516509545986766
45,-36.5,True,-37.5,False,4149,4058,162.57329577933396,0.0013675182780930606
45,-35.5,True,-36.5,True,4150,4149,-0.40979241837595737,-0.16946851658010462
45,-35.5,True,-36.5,False,4150,4059,164.50920729926378,0.0011716352240150308
45,-34.5,True,-35.5,True,4151,4150,-0.42076643747071785,-0.1726651269787598
45,-34.5,True,-35.5,False,4151,4060,166.42278200220227,0.0009870155404444617
45,-33.5,True,-34.5,True,4152,4151,-0.43137335483646666,-0.17488825706496125
45,-33.5,True,-34.5,False,4152,4061,168.3147757686803,0.0008130542411094047
45,-32.5,True,-33.5,True,4153,4152,-0.4416331922600989,-0.17624475318419588
45,-32.5,True,-33.5,False,4153,4062,170.18590278036896,0.0006491947566574936
45,-31.5,True,-32.5,True,4154,4153,-0.45156447529510046,-0.1768222895716899
45,-31.5,True,-32.5,False,4154,4063,172.036838671599,0.0004949240356839023
45,-30.5,True,-31.5,True,4155,4154,-0.46118437402503787,-0.1766942410932511
45,-30.5,True,-31.5,False,4155,4064,173.8682233810641,0.0003497682370112089
45,-29.5,True,-30.5,True,4156,4155,-0.47050882797137206,-0.1759230495274345
45,-29.5,True,-30.5,False,4156,4065,175.68066373785288,0.00021328893097415918
45,-28.5,True,-29.5,True,4157,4156,-0.4795526572148674,-0.17456262045990462
45,-28.5,True,-29.5,False,4157,4066,177.47473581145186,8.507974034377548e-05
45,-27.5,True,-28.5,True,4158,4157,-0.48832966149356594,-0.17266007444068557
45,-27.5,True,-28.5,False,4158,4067,179.25098705152865,-3.523663782349073e-05
45,-26.5,True,-27.5,True,4159,4158,-0.49685270878481447,-0.1702570551024061
45,-26.5,True,-27.5,False,4159,4068,181.0099382400355,-0.0001480110792868981
45,-25.5,True,-26.5,True,4160,4159,-0.5051338146656974,-0.16739072544983127
45,-25.5,True,-26.5,False,4160,4069,182.75208527537018,-0.00025357039118557227
45,-24.5,True,-25.5,True,4161,4160,-0.5131842135649407,-0.16409453972490268
45,-24.5,True,-25.5,False,4161,4070,184.47790080592478,-0.00035221941841571134
45,-23.5,True,-24.5,True,4162,4161,-0.5210144228680775,-0.16039885055141187
45,-23.5,True,-24.5,False,4162,4071,186.18783572827698,-0.00044424292900541347
45,-22.5,True,-23.5,True,4163,4162,-0.5286343007073526,-0.15633139305765073
45,-22.5,True,-23.5,False,4163,4072,187.88232056348676,-0.0005299073053148013
45,-21.5,True,-22.5,True,4164,4163,-0.5360530981593001,-0.15191767568162914
45,-21.5,True,-22.5,False,4164,4073,189.5617667234053,-0.000609462064211062
45,-20.5,True,-21.5,True,4165,4164,-0.5432795064779015,-0.14718129919828518
45,-20.5,True,-21.5,False,4165,4074,191.22656767755336,-0.0006831412262488341
45,-19.5,True,-20.5,True,4166,4165,-0.5503216999126437,-0.14214421983957623
45,-19.5,True,-20.5,False,4166,4075,192.877100029948,-0.0007511645512340424
45,-18.5,True,-19.5,True,4167,4166,-0.5571873745898444,-0.13682696837293748
45,-18.5,True,-19.5,False,4167,4076,194.51372451423072,-0.0008137386552858227
45,-17.5,True,-18.5,True,4168,4167,-0.563883783879831,-0.13124883412770108
45,-17.5,True,-18.5,False,4168,4077,196.1367869145463,-0.0008710580225797445
45,-16.5,True,-17.5,True,4169,4168,-0.5704177706171123,-0.12542802086382035
45,-16.5,True,-17.5,False,4169,4078,197.74661891883454,-0.0009233059232919678
45,-15.5,True,-16.5,True,4170,4169,-0.5767957965011021,-0.11938177983030133
45,-15.5,True,-16.5,False,4170,4079,199.34353891050156,-0.000970655247839059
45,-14.5,True,-15.5,True,4171,4170,-0.5830239689632748,-0.1131265242046024
45,-14.5,True,-15.5,False,4171,4080,200.9278527038224,-0.001013269266277286
45,-13.5,True,-14.5,True,4172,4171,-0.5891080657551413,-0.10667792823046368
45,-13.5,True,-14.5,False,4172,4081,202.4998542278892,-0.0010513023206628089
45,-12.5,True,-13.5,True,4173,4172,-0.5950535574821743,-0.10005101370442725
45,-12.5,True,-13.5,False,4173,4082,204.0598261634371,-0.001084900457248881
45,-11.5,True,-12.5,True,4174,4173,-0.600865628283529,-0.09326022594705874
45,-11.5,True,-12.5,False,4174,4083,205.6080405364566,-0.0011142020046019374
45,-10.5,True,-11.5,True,4175,4174,-0.6065491948345851,-0.08631950099507528
45,-10.5,True,-11.5,False,4175,4084,207.14475927212374,-0.0011393381030145714
45,-9.5,True,-10.5,True,4176,4175,-0.6121089238316841,-0.07924232543738288
45,-9.5,True,-10.5,False,4176,4085,208.6702347122427,-0.0011604331899940546
45,-8.5,True,-9.5,True,4177,4176,-0.6175492480995786,-0.07204179007091925
45,-8.5,True,-9.5,False,4177,4086,210.18471009909663,-0.0011776054460646732
45,-7.5,True,-8.5,True,4178,4177,-0.6228743814483124,-0.06473063835611036
45,-7.5,True,-8.5,False,4178,4087,211.68842002833395,-0.0011909672046657386
45,-6.5,True,-7.5,True,4179,4178,-0.6280883323923234,-0.0573213104953244
45,-6.5,True,-7.5,False,4179,4088,213.18159087327854,-0.001200625329511814
45,-5.5,True,-6.5,True,4180,4179,-0.6331949168342135,-0.04982598383247817
45,-5.5,True,-6.5,False,4180,4089,214.6644411828372,-0.0012066815624269564
45,-4.5,True,-5.5,True,4181,4180,-0.6381977698030141,-0.04225661017146179
45,-4.5,True,-5.5,False,4181,4090,216.1371820549852,-0.0012092328443454729
45,-3.5,True,-4.5,True,4182,4181,-0.6431003563301516,-0.034624950530370034
45,-3.5,True,-4.5,False,4182,4091,217.60001748763727,-0.0012083716118946215
45,-2.5,True,-3.5,True,4183,4182,-0.6479059815367236,-0.026942607783928273
45,-2.5,True,-3.5,False,4183,4092,219.05314470855558,-0.001204186071725816
45,-1.5,True,-2.5,True,4184,4183,-0.6526177999983247,-0.019221057595087028
45,-1.5,True,-2.5,False,4184,4093,220.49675448580575,-0.0011967604545432798
45,-0.5,True,-1.5,True,4185,4184,-0.6572388244484699,-0.011471677996323057
45,-0.5,True,-1.5,False,4185,4094,221.93103142014417,-0.0011861752505845458
45,0.5,True,-0.5,True,4186,4185,-0.6617719338748884,-0.0037057779500768917
45,0.5,True,-0.5,False,4186,4095,223.35615422060604,-0.001172507428134828
45,1.5,True,0.5,True,4187,4186,-0.6662198810577422,0.004065374805293907
45,1.5,True,0.5,False,4187,4096,224.77229596445864,-0.0011558306365034709
45,2.5,True,1.5,True,4188,4187,-0.670585299595146,0.011830526333542252
45,2.5,True,1.5,False,4188,4097,226.17962434259096,-0.0011362153947537272
45,3.5,True,2.5,True,4189,4188,-0.6748707104566307,0.01957840922135331
45,3.5,True,2.5,False,4189,4098,227.57830189132437,-0.0011137292673558932
45,4.5,True,3.5,True,4190,4189,-0.6790785281013143,0.027297715163887206
45,4.5,True,3.5,False,4190,4099,228.96848621155166,-0.001088437027822589
45,5.5,True,4.5,True,4191,4190,-0.6832110661947155,0.03497706713398881
45,5.5,True,4.5,False,4191,4100,230.35033017604087,-0.0010604008112889299
45,6.5,True,5.5,True,4192,4191,-0.6872705429550052,0.04260499084482584
45,6.5,True,5.5,False,4192,4101,231.72398212567634,-0.0010296802569117387
45,7.5,True,6.5,True,4193,4192,-0.6912590861568617,0.05016988519998358
45,7.5,True,6.5,False,4193,4102,233.0895860553497,-0.0009963326408829111
45,8.5,True,7.5,True,4194,4193,-0.695178737817912,0.05765999140214926
45,8.5,True,7.5,False,4194,4103,234.44728179016016,-0.0009604130007819544
45,9.5,True,8.5,True,4195,4194,-0.6990314585923585,0.06506336036057506
45,9.5,True,8.5,False,4195,4104,235.79720515253507,-0.0009219742519279967
45,10.5,True,9.5,True,4196,4195,-0.7028191318921131,0.07236781799726807
45,10.5,True,9.5,False,4196,4105,237.13948812083584,-0.0008810672963350859
45,11.5,True,10.5,True,4197,4196,-0.7065435677558014,0.07956092800065462
45,11.5,True,10.5,False,4197,4106,238.47425897997317,-0.0008377411248214441
45,12.5,True,11.5,True,4198,4197,-0.7102065064835443,0.0866299515111132
45,12.5,True,11.5,False,4198,4107,239.801642464519,-0.0007920429127775348
45,13.5,True,12.5,True,4199,4198,-0.7138096220541286,0.0935618031423935
45,13.5,True,12.5,False,4199,4108,241.12175989476654,-0.0007440181100554032
45,14.5,True,13.5,True,4200,4199,-0.7173545253393883,0.10034300264279533
45,14.5,True,13.5,False,4200,4109,242.43472930615826,-0.0006937105254014245
45,15.5,True,14.5,True,4201,4200,-0.7208427671306907,0.1069596213751596
45,15.5,True,14.5,False,4201,4110,243.7406655724734,-0.0006411624058229881
45,16.5,True,15.5,True,4202,4201,-0.7242758409894634,0.11339722263881878
45,16.5,True,15.5,False,4202,4111,245.03968052313846,-0.0005864145112448148
45,17.5,True,16.5,True,4203,4202,-0.7276551859344522,0.11964079466115901
45,17.5,True,16.5,False,4203,4112,246.33188305499976,-0.0005295061847840929
45,18.5,True,17.5,True,4204,4203,-0.7309821889760428,0.12567467484010647
45,18.5,True,17.5,False,4204,4113,247.6173792388745,-0.00047047541894548923
45,19.5,True,18.5,True,4205,4204,-0.7342581875086012,0.13148246350655057
45,19.5,True,18.5,False,4205,4114,248.89627242117504,-0.000409358918016214
45,20.5,True,19.5,True,4206,4205,-0.7374844715690188,0.13704692507710117
45,20.5,True,19.5,False,4206,4115,250.16866332088267,-0.0003461921569155121
45,21.5,True,20.5,True,4207,4206,-0.7406622859714815,0.14234987395474444
45,21.5,True,20.5,False,4207,4116,251.43465012212738,-0.0002810094367375522
45,22.5,True,21.5,True,4208,4207,-0.7437928323253828,0.14737204186962402
45,22.5,True,21.5,False,4208,4117,252.69432856261574,-0.00021384393720475737
45,23.5,True,22.5,True,4209,4208,-0.7468772709445091,0.1520929224807297
45,23.5,True,22.5,False,4209,4118,253.94779201813105,-0.00014472776623439612
45,24.5,True,23.5,True,4210,4209,-0.7499167226538503,0.15649058790618237
45,24.5,True,23.5,False,4210,4119,255.1951315833179,-7.369200680603162e-05
45,25.5,True,24.5,True,4211,4210,-0.752912270501028,0.16054147030684182
45,25.5,True,24.5,False,4211,4120,256.43643614894825,-7.667613018186597e-07
45,26.5,True,25.5,True,4212,4211,-0.7558649613777675,0.16422009955800435
45,26.5,True,25.5,False,4212,4121,257.67179247585466,7.401880651919914e-05
45,27.5,True,26.5,True,4213,4212,-0.7587758075569582,0.1674987851751111
45,27.5,True,26.5,False,4213,4122,258.90128526570516,0.00015063643176381453
45,28.5,True,27.5,True,4214,4213,-0.7616457881509291,0.17034722666360033
45,28.5,True,27.5,False,4214,4123,260.1249972287825,0.00022905871072722534
45,29.5,True,28.5,True,4215,4214,-0.7644758504951028,0.17273203080774926
45,29.5,True,28.5,False,4215,4124,261.3430091489217,0.0003092590651662485
45,30.5,True,29.5,True,4216,4215,-0.7672669114618316,0.1746161062667977
45,30.5,True,29.5,False,4216,4125,262.55539994574997,0.00039121170840452344
45,31.5,True,30.5,True,4217,4216,-0.7700198587084799,0.17595789387955615
45,31.5,True,30.5,False,4217,4126,263.7622467343649,0.0004748916131596412
45,32.5,True,31.5,True,4218,4217,-0.7727355518631782,0.17671037311191032
45,32.5,True,31.5,False,4218,4127,264.9636248825784,0.0005602744809859963
45,33.5,True,32.5,True,4219,4218,-0.7754148236531506,0.17681975744001763
45,33.5,True,32.5,False,4219,4128,266.15960806584735,0.0006473367132435645
45,34.5,True,33.5,True,4220,4219,-0.7780584809770232,0.17622374774601646
45,34.5,True,33.5,False,4220,4129,267.3502683200024,0.0007360553834943389
45,35.5,True,34.5,True,4221,4220,-0.7806673059258742,0.17484914145859096
45,35.5,True,34.5,False,4221,4130,268.5356760918847,0.0008264082112517499
45,36.5,True,35.5,True,4222,4221,-0.7832420567556397,0.17260847445448807
45,36.5,True,35.5,False,4222,4131,269.71590028798835,0.0009183735369992963
45,37.5,True,36.5,True,4223,4222,-0.7857834688126388,0.16939515972352234
45,37.5,True,36.5,False,4223,4132,270.8910083212053,0.001011930298407371
45,38.5,True,37.5,True,4224,4223,-0.7882922554159677,0.1650761918518095
45,38.5,True,37.5,False,4224,4133,272.0610661557619,0.001107058007681191
45,39.5,True,38.5,True,4225,4224,-0.7907691086987825,0.15948070938416548
45,39.5,True,38.5,False,4225,4134,273.2261383504324,0.0012037367299755982
45,40.5,True,39.5,True,4226,4225,-0.7932147004106014,0.15238106360340667
45,40.5,True,39.5,False,4226,4135,274.38628810010823,0.0013019470628176722
45,41.5,True,40.5,True,4227,4226,-0.7956296826822609,0.14345923461251725
45,41.5,True,40.5,False,4227,4136,275.5415772758006,0.0014016701164784604
45,42.5,True,41.5,True,4228,4227,-0.7980146887569788,0.13224150536726076
45,42.5,True,41.5,False,4228,4137,276.6920664631466,0.001502887495249621
45,43.5,True,42.5,True,4229,4228,-0.8003703336877379,0.11795384686072256
45,43.5,True,42.5,False,4229,4138,277.8378149994871,0.0016055812795654838
45,44.5,True,43.5,True,4230,4229,-0.8026972150035476,0.09913156119256196
45,44.5,True,43.5,False,4230,4139,278.978881009581,0.001709734008933787
45,45.5,True,44.5,True,4231,4230,-0.8049959133463886,0.0721083782473955
45,45.5,True,44.5,False,4231,4140,280.1153214400163,0.0018153286656276413
46,-45.5,False,-46.5,False,4233,4232,-2.4648735495042615,0.07130853013722717
46,-44.5,False,-45.5,False,4234,4233,-2.4488790527172952,-0.09810228105195491
46,-44.5,False,-45.5,True,4234,4325,-149.6089516783957,-4.734685008232655e-05
46,-43.5,False,-44.5,False,4235,4234,-2.4335669459324123,-0.11681533487474637
46,-43.5,False,-44.5,True,4235,4326,-151.74726411826018,-8.416530355594575e-05
46,-42.5,False,-43.5,False,4236,4235,-2.4188900440479983,-0.13106485000021695
46,-42.5,False,-43.5,True,4236,4327,-153.85558754945538,-0.00012164201926148112
46,-41.5,False,-42.5,False,4237,4236,-2.4048056072059225,-0.14229471067486735
46,-41.5,False,-42.5,True,4237,4328,-155.93514964192408,-0.00015990454857242635
46,-40.5,False,-41.5,False,4238,4237,-2.391274816427881,-0.15126734796028918
46,-40.5,False,-41.5,True,4238,4329,-157.98709650677267,-0.00019878754780665273
46,-39.5,False,-40.5,False,4239,4238,-2.3782623229260054,-0.15844902666206948
46,-39.5,False,-40.5,True,4239,4330,-160.01250008734132,-0.0002380892015955692
46,-38.5,False,-39.5,False,4240,4239,-2.3657358591585123,-0.16415253306035954
46,-38.5,False,-39.5,True,4240,4331,-162.01236471064064,-0.0002776150666679943
46,-37.5,False,-38.5,False,4241,4240,-2.3536659018752886,-0.1686016087460866
46,-37.5,False,-38.5,True,4241,4332,-163.98763291288924,-0.0003171878473684409
46,-36.5,False,-37.5,False,4242,4241,-2.3420253791346255,-0.17196406486746763
46,-36.5,False,-37.5,True,4242,4333,-165.9391906351139,-0.0003566489154184464
46,-35.5,False,-36.5,False,4243,4242,-2.3307894146666186,-0.17437044240641528
46,-35.5,False,-36.5,True,4243,4334,-167.86787187012993,-0.00039585744108938475
46,-34.5,False,-35.5,False,4244,4243,-2.319935104084422,-0.17592528239281
46,-34.5,False,-35.5,True,4244,4335,-169.77446283009576,-0.00043468883471136087
46,-33.5,False,-34.5,False,4245,4244,-2.309441318356889,-0.17671431226110063
46,-33.5,False,-34.5,True,4245,4336,-171.65970569375185,-0.0004730330631642278
46,-32.5,False,-33.5,False,4246,4245,-2.299288530704281,-0.17680923287417996
46,-32.5,False,-33.5,True,4246,4337,-173.52430198402783,-0.0005107930399456772
46,-31.5,False,-32.5,False,4247,4246,-2.289458663686034,-0.17627102420624638
46,-31.5,False,-32.5,True,4247,4338,-175.3689156196329,-0.0005478831551453475
46,-30.5,False,-31.5,False,4248,4247,-2.2799349537554363,-0.1751522981135378
46,-30.5,False,-31.5,True,4248,4339,-177.19417567828918,-0.0005842279605534402
46,-29.5,False,-30.5,False,4249,4248,-2.270701830971362,-0.1734990165492872
46,-29.5,False,-30.5,True,4249,4340,-179.00067890423074,-0.0006197610049850836
46,-28.5,False,-29.5,False,4250,4249,-2.261744811901451,-0.17135177455049788
46,-28.5,False,-29.5,True,4250,4341,-180.78899198831834,-0.0006544238074010193
46,-27.5,False,-28.5,False,4251,4250,-2.253050404041467,-0.1687467769892961
46,-27.5,False,-28.5,True,4251,4342,-182.55965364547603,-0.0006881649532529746
46,-26.5,False,-27.5,False,4252,4251,-2.2446060203144924,-0.16571659499187072
46,-26.5,False,-27.5,True,4252,4343,-184.3131765110468,-0.0007209392996133743
46,-25.5,False,-26.5,False,4253,4252,-2.236399902417716,-0.16229076068709486
46,-25.5,False,-26.5,True,4253,4344,-186.05004887499376,-0.0007527072757170409
46,-24.5,False,-25.5,False,4254,4253,-2.228421051954676,-0.15849624124372644
46,-24.5,False,-25.5,True,4254,4345,-187.77073627058095,-0.0007834342669147629
46,-23.5,False,-24.5,False,4255,4254,-2.220659168435276,-0.15435782136555926
46,-23.5,False,-24.5,True,4255,4346,-189.4756829321857,-0.0008130900714599068
46,-22.5,False,-23.5,False,4256,4255,-2.2131045933484756,-0.14989841538962856
46,-22.5,False,-23.5,True,4256,4347,-191.16531313518422,-0.000841648420881677
46,-21.5,False,-22.5,False,4257,4256,-2.2057482596172235,-0.14513932456308168
46,-21.5,False,-22.5,True,4257,4348,-192.8400324293647,-0.0008690865559071892
46,-20.5,False,-21.5,False,4258,4257,-2.1985816458336984,-0.14010045113980324
46,-20.5,False,-21.5,True,4258,4349,-194.50022877603038,-0.0008953848509554635
46,-19.5,False,-20.5,False,4259,4258,-2.1915967347498935,-0.13480047811343696
46,-19.5,False,-20.5,True,4259,4350,-196.14627359782878,-0.0009205264811613986
46,-18.5,False,-19.5,False,4260,4259,-2.1847859755634147,-0.12925702134613545
46,-18.5,False,-19.5,True,4260,4351,-197.77852274935688,-0.0009444971266871499
46,-17.5,False,-18.5,False,4261,4260,-2.1781422495951546,-0.12348675933366338
46,-17.5,False,-18.5,True,4261,4352,-199.39731741573024,-0.000967284709778734
46,-16.5,False,-17.5,False,4262,4261,-2.171658839004394,-0.11750554471263652
46,-16.5,False,-17.5,True,4262,4353,-201.00298494554454,-0.000988879160620087
46,-15.5,False,-16.5,False,4263,4262,-2.1653293982280957,-0.11132850075805517
46,-15.5,False,-16.5,True,4263,4354,-202.59583962399182,-0.001009272208554936
46,-14.5,False,-15.5,False,4264,4263,-2.1591479278690997,-0.10497010546449581
46,-14.5,False,-15.5,True,4264,4355,-204.1761833913038,-0.0010284571956897127
46,-13.5,False,-14.5,False,4265,4264,-2.1531087507882916,-0.09844426529957961
46,-13.5,False,-14.5,True,4265,4356,-205.74430651117598,-0.0010464289102720997
46,-12.5,False,-13.5,False,4266,4265,-2.1472064901845442,-0.0917643803259124
46,-12.5,False,-13.5,True,4266,4357,-207.3004881933636,-0.0010631834375711923
46,-11.5,False,-12.5,False,4267,4266,-2.1414360494698457,-0.08494340208012029
46,-11.5,False,-12.5,True,4267,4358,-208.8449971742328,-0.0010787180262699907
46,-10.5,False,-11.5,False,4268,4267,-2.1357925937686133,-0.0779938853548622
46,-10.5,False,-11.5,True,4268,4359,-210.37809225868602,-0.0010930309686239957
46,-9.5,False,-10.5,False,4269,4268,-2.130271532888159,-0.07092803483684161
46,-9.5,False,-10.5,True,4269,4360,-211.90002282655757,-0.0011061214928588645
46,-8.5,False,-9.5,False,4270,4269,-2.124868505624505,-0.06375774739984331
46,-8.5,False,-9.5,True,4270,4361,-213.41102930628503,-0.0011179896664592444
46,-7.5,False,-8.5,False,4271,4270,-2.11957936528097,-0.05649465072822957
46,-7.5,False,-8.5,True,4271,4362,-214.91134361840528,-0.0011286363091656765
46,-6.5,False,-7.5,False,4272,4271,-2.1144001662909773,-0.049150138846882074
46,-6.5,False,-7.5,True,4272,4363,-216.401189591192,-0.001138062914634827
46,-5.5,False,-6.5,False,4273,4272,-2.1093271518460455,-0.04173540505336254
46,-5.5,False,-6.5,True,4273,4364,-217.88078335054382,-0.0011462715798398592
46,-4.5,False,-5.5,False,4274,4273,-2.104356742442093,-0.03426147268340516
46,-4.5,False,-5.5,True,4274,4365,-219.35033368604672,-0.0011532649413960236
46,-3.5,False,-4.5,False,4275,4274,-2.099485525263205,-0.02673922408887291
46,-3.5,False,-4.5,True,4275,4366,-220.81004239496679,-0.0011590461180881351
46,-2.5,False,-3.5,False,4276,4275,-2.0947102443326457,-0.019179428165808365
46,-2.5,False,-3.5,True,4276,4367,-222.26010460577746,-0.0011636186589585496
46,-1.5,False,-2.5,False,4277,4276,-2.090027791365614,-0.01159276673749067
46,-1.5,False,-2.5,True,4277,4368,-223.70070908269048,-0.0011669864963863045
46,-0.5,False,-1.5,False,4278,4277,-2.085435197265994,-0.0039898600721740935
46,-0.5,False,-1.5,True,4278,4369,-225.1320385125369,-0.0011691539036516178
46,0.5,False,-0.5,False,4279,4278,-2.0809296242135105,0.0036187082034910873
46,0.5,False,-0.5,True,4279,4370,-226.55426977523115,-0.0011701254565313136
46,1.5,False,0.5,False,4280,4279,-2.0765083582942907,0.011222366547256736
46,1.5,False,0.5,True,4280,4371,-227.96757419895374,-0.0011699059985266773
46,2.5,False,1.5,False,4281,4280,-2.0721688026305998,0.018810531059689894
46,2.5,False,1.5,True,4281,4372,-229.3721178010934,-0.0011685006093603426
46,3.5,False,2.5,False,4282,4281,-2.067908470970579,0.02637258092004208
46,3.5,False,2.5,True,4282,4373,-230.76806151590938,-0.001165914576421993
46,4.5,False,3.5,False,4283,4282,-2.063724981701654,0.03389783345886271
46,4.5,False,3.5,True,4283,4374,-232.1555614097964,-0.0011621533688745017
46,5.5,False,4.5,False,4284,4283,-2.0596160522558904,0.041375518618997145
46,5.5,False,4.5,True,4284,4375,-233.53476888496874,-0.0011572226141607282
46,6.5,False,5.5,False,4285,4284,-2.055579493875939,0.048794752543615566
46,6.5,False,5.5,True,4285,4376,-234.90583087231533,-0.001151128076679244
46,7.5,False,6.5,False,4286,4285,-2.0516132067155297,0.056144510011079125
46,7.5,False,6.5,True,4286,4377,-236.26889001412158,-0.0011438756384190459
46,8.5,False,7.5,False,4287,4286,-2.04771517524901,0.06341359541106936
46,8.5,False,7.5,True,4287,4378,-237.62408483730093,-0.0011354712813638256
46,9.5,False,8.5,False,4288,4287,-2.043883463967319,0.07059061192351913
46,9.5,False,8.5,True,4288,4379,-238.97154991773203,-0.0011259210714947687
46,10.5,False,9.5,False,4289,4288,-2.0401162133394166,0.07766392852018664
46,10.5,False,9.5,True,4289,4380,-240.31141603625355,-0.0011152311442370279
46,11.5,False,10.5,False,4290,4289,-2.0364116360201194,0.08462164435650517
46,11.5,False,10.5,True,4290,4381,-241.64381032682786,-0.001103407691207304
46,12.5,False,11.5,False,4291,4290,-2.0327680132867556,0.09145155005642486
46,12.5,False,11.5,True,4291,4382,-242.9688564173495,-0.0010904569481338853
46,13.5,False,12.5,False,4292,4291,-2.0291836916884165,0.09814108531243979
46,13.5,False,12.5,True,4292,4383,-244.2866745635395,-0.0010763851838286348
46,14.5,False,13.5,False,4293,4292,-2.025657079893051,0.1046772921231687
46,14.5,False,13.5,True,4293,4384,-245.59738177633574,-0.0010611986901008553
46,15.5,False,14.5,False,4294,4293,-2.0221866457187616,0.11104676286684613
46,15.5,False,14.5,True,4294,4385,-246.90109194316233,-0.0010449037725084565
46,16.5,False,15.5,False,4295,4294,-2.018770913336766,0.11723558225451998
46,16.5,False,15.5,True,4295,4386,-248.19791594343263,-0.0010275067418464149
46,17.5,False,16.5,False,4296,4295,-2.015408460634063,0.12322926201326846
46,17.5,False,16.5,True,4296,4387,-249.48796175861827,-0.0010090139062772134
46,18.5,False,17.5,False,4297,4296,-2.0120979167257076,0.129012666906187
46,18.5,False,17.5,True,4297,4388,-250.7713345771928,-0.000989431564006982
46,19.5,False,18.5,False,4298,4297,-2.0088379596062396,0.13456993038734089
46,19.5,False,18.5,True,4298,4389,-252.0481368947395,-0.0009687659964095078
46,20.5,False,19.5,False,4299,4298,-2.005627313931626,0.1398843577962077
46,20.5,False,19.5,True,4299,4390,-253.3184686094922,-0.0009470234614950844
46,21.5,False,20.5,False,4300,4299,-2.0024647489227902,0.14493831448984199
46,21.5,False,20.5,True,4300,4391,-254.58242711356138,-0.0009242101876107338
46,22.5,False,21.5,False,4301,4300,-1.9993490763830835,0.14971309565420246
46,22.5,False,21.5,True,4301,4392,-255.84010738008203,-0.000900332367243535
46,23.5,False,22.5,False,4302,4301,-1.9962791488227651,0.15418877367593387
46,23.5,False,22.5,True,4302,4393,-257.09160204650266,-0.0008753961507715928
46,24.5,False,23.5,False,4303,4302,-1.993253857683328,0.15834401781776367
46,24.5,False,23.5,True,4303,4394,-258.33700149422356,-0.0008494076399763042
46,25.5,False,24.5,False,4304,4303,-1.9902721316553027,0.162155879417667
46,25.5,False,24.5,True,4304,4395,-259.57639392477694,-0.0008223728810688834
46,26.5,False,25.5,False,4305,4304,-1.9873329350847087,0.16559953376896705
46,26.5,False,25.5,True,4305,4396,-260.8098654327317,-0.0007942978569161259
46,27.5,False,26.5,False,4306,4305,-1.9844352664613893,0.16864796700645546
46,27.5,False,26.5,True,4306,4397,-262.03750007549263,-0.0007651884780216701
46,28.5,False,27.5,False,4307,4306,-1.9815781569852788,0.17127159237873604
46,28.5,False,27.5,True,4307,4398,-263.2593799401541,-0.0007350505716584272
46,29.5,False,28.5,False,4308,4307,-1.9787606692055988,0.17343777470318505
46,29.5,False,28.5,True,4308,4399,-264.47558520755973,-0.0007038898682697249
46,30.5,False,29.5,False,4309,4308,-1.9759818957283244,0.17511023375552656
46,30.5,False,29.5,True,4309,4400,-265.6861942137084,-0.0006717119838547332
46,31.5,False,30.5,False,4310,4309,-1.9732409579886223,0.17624828552769076
46,31.5,False,30.5,True,4310,4401,-266.8912835086402,-0.0006385223963932674
46,32.5,False,31.5,False,4311,4310,-1.9705370050837416,0.1768058625422063
46,32.5,False,31.5,True,4311,4402,-268.0909279129273,-0.0006043264133082566
46,33.5,False,32.5,False,4312,4311,-1.9678692126629755,0.17673022710720612
46,33.5,False,32.5,True,4312,4403,-269.2852005718888,-0.0005691291251929575
46,34.5,False,33.5,False,4313,4312,-1.965236781872136,0.1759602482087941
46,34.5,False,33.5,True,4313,4404,-270.47417300763874,-0.0005329353379736631
46,35.5,False,34.5,False,4314,4313,-1.9626389383483342,0.17442404224741576
46,35.5,False,34.5,True,4314,4405,-271.657915169074,-0.0004957494702353628
46,36.5,False,35.5,False,4315,4314,-1.9600749312627386,0.17203565853998154
46,36.5,False,35.5,True,4315,4406,-272.8364954798998,-0.0004575753922925831
46,37.5,False,36.5,False,4316,4315,-1.9575440324094302,0.16869027999604794
46,37.5,False,36.5,True,4316,4407,-274.0099808847868,-0.0004184161637925016
46,38.5,False,37.5,False,4317,4316,-1.955045535336069,0.1642570190159922
46,38.5,False,37.5,True,4317,4408,-275.17843689374706,-0.00037827358575487466
46,39.5,False,38.5,False,4318,4317,-1.9525787545155993,0.15856762059450538
46,39.5,False,38.5,True,4318,4409,-276.3419276248135,-0.0003371473926575577
46,40.5,False,39.5,False,4319,4318,-1.9501430245558993,0.15139775977082665
46,40.5,False,39.5,True,4319,4410,-277.5005158450998,-0.00029503369366634723
46,41.5,False,40.5,False,4320,4319,-1.9477376994459235,0.1424338557088691
46,41.5,False,40.5,True,4320,4411,-278.6542630103164,-0.00025192169692826087
46,42.5,False,41.5,False,4321,4320,-1.9453621518358375,0.131208504754461
46,42.5,False,41.5,True,4321,4412,-279.80322930281295,-0.00020778600531854392
46,43.5,False,42.5,False,4322,4321,-1.943015772349412,0.11695751154478003
46,43.5,False,42.5,True,4322,4413,-280.947473668213,-0.00016256541996910145
46,44.5,False,43.5,False,4323,4322,-1.9406979689276511,0.09823387826915105
46,44.5,False,43.5,True,4323,4414,-282.0870538507048,-0.00011608892677207482
46,45.5,False,44.5,False,4324,4323,-1.938408166200702,0.07141331623179432
46,45.5,False,44.5,True,4324,4415,-283.2220264270479,-6.767847833279546e-05
46,-45.5,True,-46.5,False,4325,4232,144.69519907617413,-0.003470797927769708
46,-44.5,True,-45.5,True,4326,4325,-0.2952545060679199,-0.07146816928412812
46,-44.5,True,-45.5,False,4326,4233,146.86481811961048,0.003154928034356005
46,-43.5,True,-44.5,True,4327,4326,-0.31056661285279574,-0.09830098940231953
46,-43.5,True,-44.5,False,4327,4234,149.00313055947498,0.0028579057619043296
46,-42.5,True,-43.5,True,4328,4327,-0.3252435147372239,-0.11702804584610152
46,-42.5,True,-43.5,False,4328,4235,151.11145399067016,0.0025784108293040267
46,-41.5,True,-42.5,True,4329,4328,-0.33932795157929263,-0.13127771242278796
46,-41.5,True,-42.5,False,4329,4236,153.19101608313886,0.0023152551132147813
46,-40.5,True,-41.5,True,4330,4329,-0.35285874235734127,-0.1424988098922777
46,-40.5,True,-41.5,False,4330,4237,155.24296294798745,0.0020673661234213558
46,-39.5,True,-40.5,True,4331,4330,-0.36587123585920267,-0.15145657780037658
46,-39.5,True,-40.5,False,4331,4238,157.26836652855613,0.001833772924293052
46,-38.5,True,-39.5,True,4332,4331,-0.3783976996267029,-0.158619094810031
46,-38.5,True,-39.5,False,4332,4239,159.26823115185545,0.0016135940874515428
46,-37.5,True,-38.5,True,4333,4332,-0.3904676569099479,-0.16430040945210686
46,-37.5,True,-38.5,False,4333,4240,161.243499354104,0.0014060273395939888
46,-36.5,True,-37.5,True,4334,4333,-0.40210817965058254,-0.16872518500566522
46,-36.5,True,-37.5,False,4334,4241,163.1950570763287,0.001210340631748433
46,-35.5,True,-36.5,True,4335,4334,-0.41334414411861076,-0.1720619280784872
46,-35.5,True,-36.5,False,4335,4242,165.1237383113447,0.0010258644058203014
46,-34.5,True,-35.5,True,4336,4335,-0.424198454700786,-0.17444171671196887
46,-34.5,True,-35.5,False,4336,4243,167.03032927131056,0.000851984873969356
46,-33.5,True,-34.5,True,4337,4336,-0.4346922404283191,-0.17596951364130228
46,-33.5,True,-34.5,False,4337,4244,168.91557213496665,0.000688138158270493
46,-32.5,True,-33.5,True,4338,4337,-0.44484502808094817,-0.1767313814233013
46,-32.5,True,-33.5,False,4338,4245,170.7801684252426,0.0005338051639401061
46,-31.5,True,-32.5,True,4339,4338,-0.45467489509917414,-0.1767992894924555
46,-31.5,True,-32.5,False,4339,4246,172.6247820608477,0.0003885070803933496
46,-30.5,True,-31.5,True,4340,4339,-0.46419860502979304,-0.1762344342571792
46,-30.5,True,-31.5,False,4340,4247,174.45004211950393,0.00025180142154873685
46,-29.5,True,-30.5,True,4341,4340,-0.47343172781384624,-0.17508960252337155
46,-29.5,True,-30.5,False,4341,4248,176.25654534544555,0.00012327853086618353
46,-28.5,True,-29.5,True,4342,4341,-0.4823887468837711,-0.1734108977599055
46,-28.5,True,-29.5,False,4342,4249,178.04485842953312,2.558488197731614e-06
46,-27.5,True,-28.5,True,4343,4342,-0.491083154743734,-0.17123902928385426
46,-27.5,True,-28.5,False,4343,4250,179.81552008669084,-0.00011071163486574109
46,-26.5,True,-27.5,True,4344,4343,-0.49952753847074405,-0.1686102938602792
46,-26.5,True,-27.5,False,4344,4251,181.56904295226155,-0.00021686021649392176
46,-25.5,True,-26.5,True,4345,4344,-0.5077336563674919,-0.16555733596516597
46,-25.5,True,-26.5,False,4345,4252,183.30591531620857,-0.00031619326165569276
46,-24.5,True,-25.5,True,4346,4345,-0.515712506830539,-0.1621097456173435
46,-24.5,True,-25.5,False,4346,4253,185.02660271179573,-0.0004089963478073338
46,-23.5,True,-24.5,True,4347,4346,-0.5234743903499464,-0.15829453491390405
46,-23.5,True,-24.5,False,4347,4254,186.73154937340047,-0.0004955363676721332
46,-22.5,True,-23.5,True,4348,4347,-0.5310289654367466,-0.15413652256742572
46,-22.5,True,-23.5,False,4348,4255,188.421179576399,-0.000576063093594694
46,-21.5,True,-22.5,True,4349,4348,-0.5383852991679987,-0.14965864768634088
46,-21.5,True,-22.5,False,4349,4256,190.09589887057948,-0.0006508105846229302
46,-20.5,True,-21.5,True,4350,4349,-0.5455519129514954,-0.1448822284469539
46,-20.5,True,-21.5,False,4350,4257,191.75609521724522,-0.0007199984546291404
46,-19.5,True,-20.5,True,4351,4350,-0.5525368240353288,-0.1398271773541578
46,-19.5,True,-20.5,False,4351,4258,193.40214003904356,-0.000783833017378197
46,-18.5,True,-19.5,True,4352,4351,-0.5593475832218076,-0.1345121819509384
46,-18.5,True,-19.5,False,4352,4259,195.03438919057166,-0.0008425083223831788
46,-17.5,True,-18.5,True,4353,4352,-0.5659913091900677,-0.12895485777010893
46,-17.5,True,-18.5,False,4353,4260,196.65318385694502,-0.00089620709363421
46,-16.5,True,-17.5,True,4354,4353,-0.5724747197808284,-0.1231718787959301
46,-16.5,True,-17.5,False,4354,4261,198.25885138675932,-0.0009451015817663826
46,-15.5,True,-16.5,True,4355,4354,-0.5788041605571266,-0.11717908956300048
46,-15.5,True,-16.5,False,4355,4262,199.8517060652066,-0.0009893543389358965
46,-14.5,True,-15.5,True,4356,4355,-0.5849856309160941,-0.1109916021579919
46,-14.5,True,-15.5,False,4356,4263,201.4320498325186,-0.0010291189245440165
46,-13.5,True,-14.5,True,4357,4356,-0.5910248079969307,-0.1046238807317133
46,-13.5,True,-14.5,False,4357,4264,203.00017295239076,-0.0010645405489831403
46,-12.5,True,-13.5,True,4358,4357,-0.596927068600678,-0.09808981562166966
46,-12.5,True,-13.5,False,4358,4265,204.55635463457838,-0.0010957566617290121
46,-11.5,True,-12.5,True,4359,4358,-0.6026975093153766,-0.09140278879078836
46,-11.5,True,-12.5,False,4359,4266,206.10086361544757,-0.0011228974893772602
46,-10.5,True,-11.5,True,4360,4359,-0.608340965016609,-0.08457573197877576
46,-10.5,True,-11.5,False,4360,4267,207.6339586999008,-0.0011460865285781358
46,-9.5,True,-10.5,True,4361,4360,-0.6138620258970349,-0.0776211787184908
46,-9.5,True,-10.5,False,4361,4268,209.15588926777235,-0.001165440998273131
46,-8.5,True,-9.5,True,4362,4361,-0.6192650531607171,-0.07055131117578618
46,-8.5,True,-9.5,False,4362,4269,210.6668957474998,-0.001181072255142159
46,-7.5,True,-8.5,True,4363,4362,-0.6245541935042525,-0.06337800261638603
46,-7.5,True,-8.5,False,4363,4270,212.16721005962006,-0.0011930861757504568
46,-6.5,True,-7.5,True,4364,4363,-0.629733392494245,-0.05611285617905916
46,-6.5,True,-7.5,False,4364,4271,213.65705603240679,-0.0012015835085033165
46,-5.5,True,-6.5,True,4365,4364,-0.6348064069391768,-0.048767240534293946
46,-5.5,True,-6.5,False,4365,4272,215.1366497917586,-0.0012066601981903394
46,-4.5,True,-5.5,True,4366,4365,-0.6397768163431294,-0.04135232292697221
46,-4.5,True,-5.5,False,4366,4273,216.6062001272615,-0.00120840768560792
46,-3.5,True,-4.5,True,4367,4366,-0.6446480335219889,-0.033879100036468046
46,-3.5,True,-4.5,False,4367,4274,218.06590883618162,-0.001206913184493175
46,-2.5,True,-3.5,True,4368,4367,-0.6494233144525765,-0.02635842703525894
46,-2.5,True,-3.5,False,4368,4275,219.51597104699223,-0.0012022599377732857
46,-1.5,True,-2.5,True,4369,4368,-0.6541057674196082,-0.018801045185350664
46,-1.5,True,-2.5,False,4369,4276,220.95657552390526,-0.0011945274549344939
46,-0.5,True,-1.5,True,4370,4369,-0.6586983615192281,-0.011217608278839102
46,-0.5,True,-1.5,False,4370,4277,222.38790495375167,-0.0011837917321359313
46,0.5,True,-0.5,True,4371,4370,-0.6632039345717118,-0.003618708203490204
46,0.5,True,-0.5,False,4371,4278,223.81013621644593,-0.0011701254565313222
46,1.5,True,0.5,True,4372,4371,-0.6676252004909315,0.003985100104645305
46,1.5,True,0.5,False,4372,4279,225.22344064016852,-0.0011535981961256776
46,2.5,True,1.5,True,4373,4372,-0.6719647561545941,0.011583274072624394
46,2.5,True,1.5,False,4373,4280,226.62798424230823,-0.0011342765763619166
46,3.5,True,2.5,True,4374,4373,-0.6762250878146432,0.019165259024685476
46,3.5,True,2.5,False,4374,4281,228.02392795712416,-0.0011122244445228497
46,4.5,True,3.5,True,4375,4374,-0.6804085770835684,0.026720463600250027
46,4.5,True,3.5,False,4375,4282,229.41142785101118,-0.0010875030229324167
46,5.5,True,4.5,True,4376,4375,-0.6845175065293319,0.03423823481465105
46,5.5,True,4.5,False,4376,4283,230.79063532618352,-0.0010601710518486315
46,6.5,True,5.5,True,4377,4376,-0.6885540649092832,0.04170783251384325
46,6.5,True,5.5,False,4377,4284,232.1616973135301,-0.0010302849228604348
46,7.5,True,6.5,True,4378,4377,-0.6925203520696783,0.04911840296144466
46,7.5,True,6.5,False,4378,4285,233.5247564553364,-0.0009978988035278125
46,8.5,True,7.5,True,4379,4378,-0.6964183835362121,0.05645895127770838
46,8.5,True,7.5,False,4379,4286,234.8799512785157,-0.0009630647539377712
46,9.5,True,8.5,True,4380,4379,-0.7002500948178891,0.06371831242472742
46,9.5,True,8.5,False,4380,4287,236.2274163589468,-0.0009258328357913698
46,10.5,True,9.5,True,4381,4380,-0.7040173454458056,0.07088512039936552
46,10.5,True,9.5,False,4381,4288,237.56728247746832,-0.000886251214582379
46,11.5,True,10.5,True,4382,4381,-0.7077219227651028,0.07794777525380368
46,11.5,True,10.5,False,4382,4289,238.89967676804264,-0.0008443662553807644
46,12.5,True,11.5,True,4383,4382,-0.7113655454984382,0.08489440751146116
46,12.5,True,11.5,False,4383,4290,240.22472285856432,-0.0008002226126905819
46,13.5,True,12.5,True,4384,4383,-0.7149498670968057,0.09171283948123457
46,13.5,True,12.5,False,4384,4291,241.54254100475427,-0.0007538633148118847
46,14.5,True,13.5,True,4385,4384,-0.7184764788921854,0.09839054289257682
46,14.5,True,13.5,False,4385,4292,242.85324821755052,-0.0007053298431019552
46,15.5,True,14.5,True,4386,4385,-0.7219469130664464,0.10491459217423293
46,15.5,True,14.5,False,4386,4293,244.1569583843771,-0.0006546622064974647
46,16.5,True,15.5,True,4387,4386,-0.7253626454484419,0.11127161257557085
46,16.5,True,15.5,False,4387,4294,245.4537823846474,-0.0006018990116303765
46,17.5,True,16.5,True,4388,4387,-0.7287250981511733,0.11744772217504523
46,17.5,True,16.5,False,4388,4295,246.74382819983302,-0.0005470775288435159
46,18.5,True,17.5,True,4389,4388,-0.7320356420595147,0.12342846662704389
46,18.5,True,17.5,False,4389,4296,248.02720101840757,-0.0004902337543885612
46,19.5,True,18.5,True,4390,4389,-0.7352955991789543,0.12919874525502836
46,19.5,True,18.5,False,4390,4297,249.30400333595432,-0.0004314024690641441
46,20.5,True,19.5,True,4391,4390,-0.7385062448535962,0.13474272679062135
46,20.5,True,19.5,False,4391,4298,250.57433505070696,-0.0003706172935357365
46,21.5,True,20.5,True,4392,4391,-0.741668809862432,0.14004375266496794
46,21.5,True,20.5,False,4392,4299,251.83829355477616,-0.0003079107405567576
46,22.5,True,21.5,True,4393,4392,-0.7447844824021388,0.14508422525286407
46,22.5,True,21.5,False,4393,4300,253.0959738212968,-0.00024331426429545738
46,23.5,True,22.5,True,4394,4393,-0.7478544099624429,0.14984547781392263
46,23.5,True,22.5,False,4394,4301,254.34746848771744,-0.0001768583069566103
46,24.5,True,23.5,True,4395,4394,-0.7508797011019226,0.154307622015643
46,24.5,True,23.5,False,4395,4302,255.59286793543828,-0.00010857234287294605
46,25.5,True,24.5,True,4396,4395,-0.7538614271298769,0.15844936778608879
46,25.5,True,24.5,False,4396,4303,256.8322603659917,-3.8484920227052626e-05
46,26.5,True,25.5,True,4397,4396,-0.7568006237005136,0.1622478087221476
46,26.5,True,25.5,False,4397,4304,258.06573187394656,3.337629944540574e-05
46,27.5,True,26.5,True,4398,4397,-0.7596982923238329,0.1656781642180873
46,27.5,True,26.5,False,4398,4305,259.2933665167074,0.00010698450383152926
46,28.5,True,27.5,True,4399,4398,-0.7625554017999434,0.1687134666493672
46,28.5,True,27.5,False,4399,4306,260.51524638136885,0.00018231369436962823
46,29.5,True,28.5,True,4400,4399,-0.7653728895796235,0.17132417800500552
46,29.5,True,28.5,False,4400,4307,261.7314516487745,0.0002593386526064753
46,30.5,True,29.5,True,4401,4400,-0.7681516630568979,0.17347771478249957
46,30.5,True,29.5,False,4401,4308,262.94206065492324,0.00033803490827571844
46,31.5,True,30.5,True,4402,4401,-0.7708926007965999,0.17513785192134323
46,31.5,True,30.5,False,4402,4309,264.1471499498549,0.0004183787089907404
46,32.5,True,31.5,True,4403,4402,-0.7735965537014806,0.17626396474220274
46,32.5,True,31.5,False,4403,4310,265.34679435414205,0.0005003469914573208
46,33.5,True,32.5,True,4404,4403,-0.7762643461222041,0.1768100501273193
46,33.5,True,32.5,False,4404,4311,266.5410670131036,0.0005839173541162594
46,34.5,True,33.5,True,4405,4404,-0.7788967769130863,0.17672344089471814
46,34.5,True,33.5,False,4405,4312,267.7300394488535,0.0006690680311299027
46,35.5,True,34.5,True,4406,4405,-0.7814946204369164,0.17594308416464324
46,35.5,True,34.5,False,4406,4313,268.9137816102887,0.0007557778676375642
46,36.5,True,35.5,True,4407,4406,-0.784058627522441,0.17439718408011942
46,36.5,True,35.5,False,4407,4314,270.0923619211146,0.000844026296204766
46,37.5,True,36.5,True,4408,4407,-0.786589526375792,0.1719998900483583
46,37.5,True,36.5,False,4408,4315,271.26584732600156,0.0009337933143989755
46,38.5,True,37.5,True,4409,4408,-0.7890880234491533,0.1686465013128929
46,38.5,True,37.5,False,4409,4316,272.43430333496184,0.0010250594634266873
46,39.5,True,38.5,True,4410,4409,-0.791554804269623,0.16420626859319104
46,39.5,True,38.5,False,4410,4317,273.5977940660283,0.0011178058077757308
46,40.5,True,39.5,True,4411,4410,-0.793990534229323,0.15851110602266064
46,40.5,True,39.5,False,4411,4318,274.75638228631453,0.001212013915803672
46,41.5,True,40.5,True,4412,4411,-0.7963958593392988,0.15133690294255295
46,41.5,True,40.5,False,4412,4319,275.91012945153113,0.001307665841220757
46,42.5,True,41.5,True,4413,4412,-0.7987714069493848,0.1423703629263526
46,42.5,True,41.5,False,4413,4320,277.0590957440277,0.001404744105420669
46,43.5,True,42.5,True,4414,4413,-0.8011177864358103,0.13114448436580742
46,43.5,True,42.5,False,4414,4321,278.2033401094277,0.0015032316806106955
46,44.5,True,43.5,True,4415,4414,-0.8034355898575711,0.11689569454893889
46,44.5,True,43.5,False,4415,4322,279.34292029191954,0.0016031119736996129
46,45.5,True,44.5,True,4416,4415,-0.805725392584506,0.09817811055630216
46,45.5,True,44.5,False,4416,4323,280.4778928682627,0.0017043688109046448
46,46.5,True,45.5,True,4417,4416,-0.8079877538967537,0.07137007572263204
46,46.5,True,45.5,False,4417,4324,281.6083132805667,0.001806986423033281
47,-46.5,False,-47.5,False,4419,4418,-2.4760505684510363,0.07058972453648811
47,-45.5,False,-46.5,False,4420,4419,-2.4595676367283374,-0.09717201132207164
47,-45.5,False,-46.5,True,4420,4513,-148.15199430030032,-4.457278107615786e-05
47,-44.5,False,-45.5,False,4421,4420,-2.4438016644375082,-0.11578027068506659
47,-44.5,False,-45.5,True,4421,4514,-150.3112300426809,-7.958130060927784e-05
47,-43.5,False,-44.5,False,4422,4421,-2.4287021352234888,-0.12998845991772526
47,-43.5,False,-44.5,True,4422,4515,-152.4396002835567,-0.00011544922493003648
47,-42.5,False,-43.5,False,4423,4422,-2.414223379670048,-0.1412222753044887
47,-42.5,False,-43.5,True,4423,4516,-154.538392239665,-0.00015225873339963858
47,-41.5,False,-42.5,False,4424,4423,-2.40032399327594,-0.15023405703734805
47,-41.5,False,-42.5,True,4424,4517,-156.6088060538258,-0.00018982358882073478
47,-40.5,False,-41.5,False,4425,4424,-2.3869663376388104,-0.15748360005453269
47,-40.5,False,-41.5,True,4425,4518,-158.6519628259553,-0.00022792791987096304
47,-39.5,False,-40.5,False,4426,4425,-2.374116111143252,-0.16327914755981338
47,-39.5,False,-40.5,True,4426,4519,-160.66891171595216,-0.0002663664945011429
47,-38.5,False,-39.5,False,4427,4426,-2.3617419779900715,-0.1678410439499966
47,-38.5,False,-39.5,True,4427,4520,-162.66063624630027,-0.0003049532821836399
47,-37.5,False,-38.5,False,4428,4427,-2.349815246421798,-0.17133443978074858
47,-37.5,False,-38.5,True,4428,4521,-164.62805991192693,-0.000343522400084713
47,-36.5,False,-37.5,False,4429,4428,-2.338309588615161,-0.17388771699922242
47,-36.5,False,-37.5,True,4429,4522,-166.57205118817868,-0.0003819269064435192
47,-35.5,False,-36.5,False,4430,4429,-2.327200796010395,-0.17560361456425852
47,-35.5,False,-36.5,True,4430,4523,-168.493428014019,-0.0004200370138603611
47,-34.5,False,-35.5,False,4431,4430,-2.316466564898178,-0.17656632093316205
47,-34.5,False,-35.5,True,4431,4524,-170.39296181614236,-0.00045773823844438594
47,-33.5,False,-34.5,False,4432,4431,-2.3060863079379885,-0.17684619744441796
47,-33.5,False,-34.5,True,4432,4525,-172.27138113019333,-0.0004949296610680606
47,-32.5,False,-33.5,False,4433,4432,-2.296040987982444,-0.17650303928154018
47,-32.5,False,-33.5,True,4433,4526,-174.1293748673285,-0.0005315223552217505
47,-31.5,False,-32.5,False,4434,4433,-2.286312971152185,-0.1755883958603299
47,-31.5,False,-32.5,True,4434,4527,-175.96759526767795,-0.0005674379896191898
47,-30.5,False,-31.5,False,4435,4434,-2.2768858965804597,-0.17414726498101465
47,-30.5,False,-31.5,True,4435,4528,-177.78666057662537,-0.0006026075960220673
47,-29.5,False,-30.5,False,4436,4435,-2.2677445606375812,-0.1722193575300397
47,-29.5,False,-30.5,True,4436,4529,-179.5871574750582,-0.0006369704866321091
47,-28.5,False,-29.5,False,4437,4436,-2.258874813769964,-0.16984006005996538
47,-28.5,False,-29.5,True,4437,4530,-181.36964329068053,-0.0006704733041124847
47,-27.5,False,-28.5,False,4438,4437,-2.2502634683613323,-0.16704118002964188
47,-27.5,False,-28.5,True,4438,4531,-183.13464801402657,-0.0007030691880067142
47,-26.5,False,-27.5,False,4439,4438,-2.2418982162504193,-0.16385153159280763
47,-26.5,False,-27.5,True,4439,4532,-184.88267613985315,-0.0007347170427844575
47,-25.5,False,-26.5,False,4440,4439,-2.233767554731884,-0.16029740234755063
47,-25.5,False,-26.5,True,4440,4533,-186.6142083520502,-0.0007653808944171468
47,-24.5,False,-25.5,False,4441,4440,-2.2258607200275478,-0.1564029298224575
47,-24.5,False,-25.5,True,4441,4534,-188.3297030680244,-0.0007950293240210917
47,-23.5,False,-24.5,False,4442,4441,-2.21816762735358,-0.15219040855597174
47,-23.5,False,-24.5,True,4442,4535,-190.02959785662034,-0.0008236349686102733
47,-22.5,False,-23.5,False,4443,4442,-2.2106788168234885,-0.1476805431294564
47,-22.5,False,-23.5,True,4443,4536,-191.71431074201217,-0.0008511740803402272
47,-21.5,False,-22.5,False,4444,4443,-2.2033854045280066,-0.1428926586322512
47,-21.5,False,-22.5,True,4444,4537,-193.3842414045785,-0.0008776261367912407
47,-20.5,False,-21.5,False,4445,4444,-2.196279038215124,-0.1378448772503979
47,-20.5,False,-21.5,True,4445,4538,-195.03977228853637,-0.0009029734958543947
47,-19.5,False,-20.5,False,4446,4445,-2.1893518570692265,-0.1325542676411043
47,-19.5,False,-20.5,True,4446,4539,-196.68126962503553,-0.0009272010896575111
47,-18.5,False,-19.5,False,4447,4446,-2.1825964551472623,-0.12703697225691635
47,-18.5,False,-19.5,True,4447,4540,-198.3090843784668,-0.0009502961527149439
47,-17.5,False,-18.5,False,4448,4447,-2.176005848085822,-0.12130831666412739
47,-17.5,False,-18.5,True,4448,4541,-199.92355312291465,-0.0009722479801301999
47,-16.5,False,-17.5,False,4449,4448,-2.16957344273942,-0.1153829040540269
47,-16.5,False,-17.5,True,4449,4542,-201.52499885495467,-0.0009930477122339866
47,-15.5,False,-16.5,False,4450,4449,-2.1632930094488643,-0.10927469749967865
47,-15.5,False,-16.5,True,4450,4543,-203.11373174835774,-0.0010126881425108723
47,-14.5,False,-15.5,False,4451,4450,-2.1571586566750938,-0.1029970920130008
47,-14.5,False,-15.5,True,4451,4544,-204.6900498556965,-0.001031163546077671
47,-13.5,False,-14.5,False,4452,4451,-2.1511648077638625,-0.09656297806971094
47,-13.5,False,-14.5,True,4452,4545,-206.25423976135022,-0.0010484695263272565
47,-12.5,False,-13.5,False,4453,4452,-2.1453061796324135,-0.08998479796614425
47,-12.5,False,-13.5,True,4453,4546,-207.80657718996127,-0.0010646028776516464
47,-11.5,False,-12.5,False,4454,4453,-2.139577763193259,-0.08327459613224765
47,-11.5,False,-12.5,True,4454,4547,-209.34732757400172,-0.0010795614624202238
47,-10.5,False,-11.5,False,4455,4454,-2.133974805350391,-0.07644406433447766
47,-10.5,False,-11.5,True,4455,4548,-210.87674658376017,-0.0010933441006160253
47,-9.5,False,-10.5,False,4456,4455,-2.1284927924205306,-0.0695045825499796
47,-9.5,False,-10.5,True,4456,4549,-212.39508062274587,-0.001105950470724072
47,-8.5,False,-9.5,False,4457,4456,-2.123127434847916,-0.06246725617097228
47,-8.5,False,-9.5,True,4457,4550,-213.9025672912291,-0.0011173810206397507
47,-7.5,False,-8.5,False,4458,4457,-2.1178746530953703,-0.05534295009948779
47,-7.5,False,-8.5,True,4458,4551,-215.39943582038717,-0.001127636887508846
47,-6.5,False,-7.5,False,4459,4458,-2.112730564605968,-0.0481423202126831
47,-6.5,False,-7.5,True,4459,4552,-216.88590747930328,-0.0011367198255421292
47,-5.5,False,-6.5,False,4460,4459,-2.107691471740324,-0.040875842614195274
47,-5.5,False,-6.5,True,4460,4553,-218.36219595686435,-0.001144632140955094
47,-4.5,False,-5.5,False,4461,4460,-2.102753850604884,-0.03355384103457247
47,-4.5,False,-5.5,True,4461,4554,-219.82850772042434,-0.0011513766332858551
47,-3.5,False,-4.5,False,4462,4461,-2.097914340694331,-0.02618651270152038
47,-3.5,False,-4.5,True,4462,4555,-221.28504235293835,-0.0011569565424257927
47,-2.5,False,-3.5,False,4463,4462,-2.0931697352782948,-0.01878395296679868
47,-2.5,False,-3.5,True,4463,4556,-222.7319928701258,-0.0011613755007734284
47,-1.5,False,-2.5,False,4464,4463,-2.0885169724710124,-0.011356178949813637
47,-1.5,False,-2.5,True,4464,4557,-224.16954601908986,-0.0011646374899888338
47,-0.5,False,-1.5,False,4465,4464,-2.083953126926559,-0.0039131524372370005
47,-0.5,False,-1.5,True,4465,4558,-225.5978825597022,-0.0011667468018818458
47,0.5,False,-0.5,False,4466,4465,-2.0794754021086703,0.0035351977373963566
47,0.5,False,-0.5,True,4466,4559,-227.01717752995222,-0.001167708003019231
47,1.5,False,0.5,False,4467,4466,-2.075081123088978,0.010978953620765416
47,1.5,False,0.5,True,4467,4560,-228.42760049636465,-0.001167525902679657
47,2.5,False,1.5,False,4468,4467,-2.070767729831246,0.018408186166363503
47,2.5,False,1.5,True,4468,4561,-229.82931579049966,-0.0011662055238261305
47,3.5,False,2.5,False,4469,4468,-2.066532770923615,0.025812933155482602
47,3.5,False,2.5,True,4469,4562,-231.2224827324693,-0.0011637520767993695
47,4.5,False,3.5,False,4470,4469,-2.062373897723191,0.033183176805325995
47,4.5,False,3.5,True,4470,4563,-232.60725584233091,-0.0011601709354659236
47,5.5,False,4.5,False,4471,4470,-2.058288858882719,0.04050882085069245
47,5.5,False,4.5,True,4471,4564,-233.9837850401516,-0.00115546761558358
47,6.5,False,5.5,False,4472,4471,-2.0542754952285947,0.04777966687496276
47,6.5,False,5.5,True,4472,4565,-235.3522158354777,-0.0011496477551701323
47,7.5,False,6.5,False,4473,4472,-2.0503317349650843,0.054985389650608854
47,7.5,False,6.5,True,4473,4566,-236.71268950688614,-0.0011427170966804262
47,8.5,False,7.5,False,4474,4473,-2.046455589179857,0.06211551122862122
47,8.5,False,7.5,True,4474,4567,-238.06534327224585,-0.0011346814708215675
47,9.5,False,8.5,False,4475,4474,-2.042645147628974,0.06915937348928412
47,9.5,False,8.5,True,4475,4568,-239.4103104502695,-0.001125546781844119
47,10.5,False,9.5,False,4476,4475,-2.0388985747807453,0.07610610883269234
47,10.5,False,9.5,True,4476,4569,-240.747720613894,-0.0011153189941709505
47,11.5,False,10.5,False,4477,4476,-2.035214106100341,0.0829446086448871
47,11.5,False,10.5,True,4477,4570,-242.07769973598982,-0.0011040041202303853
47,12.5,False,11.5,False,4478,4477,-2.0315900445577313,0.08966348912285073
47,12.5,False,11.5,True,4478,4571,-243.4003703278627,-0.0010916082093774399
47,13.5,False,12.5,False,4479,4478,-2.0280247573429335,0.09625105397657774
47,13.5,False,12.5,True,4479,4572,-244.71585157097817,-0.0010781373377920717
47,14.5,False,13.5,False,4480,4479,-2.0245166727748938,0.10269525344621311
47,14.5,False,13.5,True,4480,4573,-246.02425944231075,-0.001063597599255197
47,15.5,False,14.5,False,4481,4480,-2.0210642773902805,0.10898363897308407
47,15.5,False,14.5,True,4481,4574,-247.32570683369073,-0.001047995096706997
47,16.5,False,15.5,False,4482,4481,-2.0176661131997946,0.11510331274057724
47,16.5,False,15.5,True,4482,4575,-248.62030366549558,-0.0010313359344987683
47,17.5,False,16.5,False,4483,4482,-2.0143207751007424,0.12104087114789583
47,17.5,False,16.5,True,4483,4576,-249.9081569950109,-0.0010136262112531336
47,18.5,False,17.5,False,4484,4483,-2.0110269084362926,0.12678234108851932
47,18.5,False,17.5,True,4484,4577,-251.1893711197627,-0.0009948720132479866
47,19.5,False,18.5,False,4485,4484,-2.007783206689936,0.1323131076646528
47,19.5,False,18.5,True,4485,4578,-252.46404767610372,-0.0009750794082409746
47,20.5,False,19.5,False,4486,4485,-2.004588409308468,0.13761783166439856
47,20.5,False,19.5,True,4486,4579,-253.7322857333169,-0.0009542544396467658
47,21.5,False,20.5,False,4487,4486,-2.0014412996435453,0.1426803547399043
47,21.5,False,20.5,True,4487,4580,-254.99418188348372,-0.000932403120973701
47,22.5,False,21.5,False,4488,4487,-1.9983407030047715,0.14748358972525114
47,22.5,False,21.5,True,4488,4581,-256.2498303273468,-0.0009095314304173325
47,23.5,False,22.5,False,4489,4488,-1.9952854848175434,0.1520093928848972
47,23.5,False,22.5,True,4489,4582,-257.4993229563839,-0.0008856453054892858
47,24.5,False,23.5,False,4490,4489,-1.992274548878754,0.15623841403499278
47,24.5,False,23.5,True,4490,4583,-258.74274943129495,-0.0008607506375388502
47,25.5,False,24.5,False,4491,4490,-1.9893068357040704,0.16014991935709053
47,25.5,False,24.5,True,4491,4584,-259.9801972570926,-0.00083485326598587
47,26.5,False,25.5,False,4492,4491,-1.9863813209616978,0.16372158022129008
47,26.5,False,25.5,True,4492,4585,-261.21175185497316,-0.000807958972034317
47,27.5,False,26.5,False,4493,4492,-1.983497013986721,0.16692921930044122
47,27.5,False,26.5,True,4493,4586,-262.43749663113636,-0.0007800734715555285
47,28.5,False,27.5,False,4494,4493,-1.980652956371756,0.16974650246265713
47,28.5,False,27.5,True,4494,4587,-263.65751304270964,-0.0007512024067210118
47,29.5,False,28.5,False,4495,4494,-1.977848220628971,0.17214456103656509
47,29.5,False,28.5,True,4495,4588,-264.8718806609251,-0.0007213513357886516
47,30.5,False,29.5,False,4496,4495,-1.975081908919094,0.17409152353309043
47,30.5,False,29.5,True,4496,4589,-266.08067723168796,-0.0006905257201920832
47,31.5,False,30.5,False,4497,4496,-1.9723531518440893,0.1755519279677154
47,31.5,False,30.5,True,4497,4590,-267.2839787336659,-0.000658730907677019
47,32.5,False,31.5,False,4498,4497,-1.9696611072990038,0.17648597426106558
47,32.5,False,31.5,True,4498,4591,-268.4818594340238,-0.0006259721095912018
47,33.5,False,32.5,False,4499,4498,-1.967004959380347,0.17684855867687244
47,33.5,False,32.5,True,4499,4592,-269.6743919419179,-0.0005922543693988929
47,34.5,False,33.5,False,4500,4499,-1.9643839173467654,0.17658800529762705
47,34.5,False,33.5,True,4500,4593,-270.8616472598598,-0.0005575825177632579
47,35.5,False,34.5,False,4501,4500,-1.9617972146306215,0.17564436689221555
47,35.5,False,34.5,True,4501,4594,-272.043694833052,-0.0005219611065547023
47,36.5,False,35.5,False,4502,4501,-1.9592441078953868,0.1739470979147656
47,36.5,False,35.5,True,4502,4595,-273.2206025967928,-0.0004853943088325595
47,37.5,False,36.5,False,4503,4502,-1.9567238761389092,0.17141178455529393
47,37.5,False,36.5,True,4503,4596,-274.3924370220419,-0.00044788576193747446
47,38.5,False,37.5,False,4504,4503,-1.9542358198372654,0.16793540881106372
47,38.5,False,37.5,True,4504,4597,-275.55926315923284,-0.0004094383115153406
47,39.5,False,38.5,False,4505,4504,-1.9517792601297117,0.16338923788893567
47,39.5,False,38.5,True,4505,4598,-276.72114468041457,-0.0003700535743764824
47,40.5,False,39.5,False,4506,4505,-1.949353538039901,0.1576076713384448
47,40.5,False,39.5,True,4506,4599,-277.87814391979896,-0.0003297311499509238
47,41.5,False,40.5,False,4507,4506,-1.9469580137337914,0.1503697726305782
47,41.5,False,40.5,True,4507,4600,-279.0303219127875,-0.00028846709873532606
47,42.5,False,41.5,False,4508,4507,-1.9445920658102693,0.14136649093513606
47,42.5,False,41.5,True,4508,4601,-280.1777384335463,-0.0002462507446410642
47,43.5,False,42.5,False,4509,4508,-1.9422550906239735,0.13013687209260263
47,43.5,False,42.5,True,4509,4602,-281.3204520311953,-0.0002030571541233136
47,44.5,False,43.5,False,4510,4509,-1.9399465016382749,0.11592677750373713
47,44.5,False,43.5,True,4510,4603,-282.45852006467237,-0.00015882644399551024
47,45.5,False,44.5,False,4511,4510,-1.9376657288070476,0.0973073326430553
47,45.5,False,44.5,True,4511,4604,-283.59199873633247,-0.0001133915282394464
47,46.5,False,45.5,False,4512,4511,-1.935412217983071,0.07069729141338307
47,46.5,False,45.5,True,4512,4605,-284.72094312433734,-6.609034391948847e-05
47,-46.5,True,-47.5,False,4513,4418,143.21637609512092,-0.003508295164015557
47,-45.5,True,-46.5,True,4514,4513,-0.2845659220569132,-0.07075468451424821
47,-45.5,True,-46.5,False,4514,4419,145.40786074151504,0.0031921807900564566
47,-44.5,True,-45.5,True,4515,4514,-0.3003318943476927,-0.09737772307979249
47,-44.5,True,-45.5,False,4515,4420,147.56709648389568,0.0028950634435381934
47,-43.5,True,-44.5,True,4516,4515,-0.3154314235617335,-0.11600097389982494
47,-43.5,True,-44.5,False,4516,4421,149.69546672477148,0.002615582460299299
47,-42.5,True,-43.5,True,4517,4516,-0.32991017911515996,-0.13020992892063193
47,-42.5,True,-43.5,False,4517,4422,151.7942586808798,0.0023525160134678473
47,-41.5,True,-42.5,True,4518,4517,-0.3438095655092752,-0.14143535367515475
47,-41.5,True,-42.5,False,4518,4423,153.86467249504057,0.002104763434435439
47,-40.5,True,-41.5,True,4519,4518,-0.3571672211464261,-0.15043246827099038
47,-40.5,True,-41.5,False,4519,4424,155.9078292671701,0.0018713301972289825
47,-39.5,True,-40.5,True,4520,4519,-0.370017447641942,-0.1576629251828415
47,-39.5,True,-40.5,False,4520,4425,157.92477815716694,0.0016513151067583164
47,-38.5,True,-39.5,True,4521,4520,-0.3823915807951437,-0.16343625868164885
47,-38.5,True,-39.5,False,4521,4426,159.91650268751505,0.0014438993201998647
47,-37.5,True,-38.5,True,4522,4521,-0.3943183123634242,-0.16797375483866867
47,-37.5,True,-38.5,False,4522,4427,161.8839263531417,0.001248336900662781
47,-36.5,True,-37.5,True,4523,4522,-0.40582397017007565,-0.17144127403127846
47,-36.5,True,-37.5,False,4523,4428,163.82791762939343,0.0010639466576546747
47,-35.5,True,-36.5,True,4524,4523,-0.41693276277479185,-0.17396774586577088
47,-35.5,True,-36.5,False,4524,4429,165.7492944552338,0.0008901050729890264
47,-34.5,True,-35.5,True,4525,4524,-0.4276669938870441,-0.1756563389969258
47,-34.5,True,-35.5,False,4525,4430,167.64882825735714,0.0007262401461599893
47,-33.5,True,-34.5,True,4526,4525,-0.43804725084726215,-0.17659158313658163
47,-33.5,True,-34.5,False,4526,4431,169.52724757140805,0.0005718260217140113
47,-32.5,True,-33.5,True,4527,4526,-0.4480925708027428,-0.17684411297583644
47,-32.5,True,-33.5,False,4527,4432,171.3852413085433,0.0004263782842594063
47,-31.5,True,-32.5,True,4528,4527,-0.45782058763305145,-0.17647394391560892
47,-31.5,True,-32.5,False,4528,4433,173.2234617088927,0.0002894498255591852
47,-30.5,True,-31.5,True,4529,4528,-0.467247662204727,-0.17553280335879884
47,-30.5,True,-31.5,False,4529,4434,175.04252701784017,0.00016062720354571223
47,-29.5,True,-30.5,True,4530,4529,-0.47638899814765523,-0.17406583309634477
47,-29.5,True,-30.5,False,4530,4435,176.84302391627295,3.952742574086296e-05
47,-28.5,True,-29.5,True,4531,4530,-0.48525874501527255,-0.17211286034303727
47,-28.5,True,-29.5,False,4531,4436,178.62550973189528,-7.420489999474419e-05
47,-27.5,True,-28.5,True,4532,4531,-0.49387009042385444,-0.1697093652674144
47,-27.5,True,-28.5,False,4532,4437,180.39051445524137,-0.00018090009581084307
47,-26.5,True,-27.5,True,4533,4532,-0.5022353425348172,-0.16688723015286072
47,-26.5,True,-27.5,False,4533,4438,182.1385425810679,-0.0002808656665402795
47,-25.5,True,-26.5,True,4534,4533,-0.5103660040533384,-0.16367532832831586
47,-25.5,True,-26.5,False,4534,4439,183.870074793265,-0.0003743883099118165
47,-24.5,True,-25.5,True,4535,4534,-0.5182728387576532,-0.1600999934612685
47,-24.5,True,-25.5,False,4535,4440,185.5855695092392,-0.00046173571447743924
47,-23.5,True,-24.5,True,4536,4535,-0.5259659314316423,-0.15618539812111945
47,-23.5,True,-24.5,False,4536,4441,187.28546429783512,-0.0005431581711870741
47,-22.5,True,-23.5,True,4537,4536,-0.5334547419617053,-0.15195386256810453
47,-22.5,True,-23.5,False,4537,4442,188.970177183227,-0.0006188900209698306
47,-21.5,True,-22.5,True,4538,4537,-0.5407481542572441,-0.14742610920298047
47,-21.5,True,-22.5,False,4538,4443,190.64010784579324,-0.0006891509576429644
47,-20.5,True,-21.5,True,4539,4538,-0.5478545205700698,-0.14262147421306456
47,-20.5,True,-21.5,False,4539,4444,192.29563872975118,-0.0007541472029017198
47,-19.5,True,-20.5,True,4540,4539,-0.5547817017159957,-0.1375580851507807
47,-19.5,True,-20.5,False,4540,4445,193.9371360662503,-0.0008140725679471965
47,-18.5,True,-19.5,True,4541,4540,-0.56153710363796,-0.13225301114167548
47,-18.5,True,-19.5,False,4541,4446,195.56495081968157,-0.0008691094144332484
47,-17.5,True,-18.5,True,4542,4541,-0.5681277106994003,-0.1267223909135035
47,-17.5,True,-18.5,False,4542,4447,197.17941956412943,-0.0009194295258128904
47,-16.5,True,-17.5,True,4543,4542,-0.5745601160458023,-0.12098154271298647
47,-16.5,True,-17.5,False,4543,4448,198.78086529616945,-0.0009651948987778348
47,-15.5,True,-16.5,True,4544,4543,-0.580840549336358,-0.11504505932662618
47,-15.5,True,-16.5,False,4544,4449,200.3695981895725,-0.0010065584633024457
47,-14.5,True,-15.5,True,4545,4544,-0.5869749021101001,-0.10892689077267367
47,-14.5,True,-15.5,False,4545,4450,201.94591629691126,-0.0010436647387721922
47,-13.5,True,-14.5,True,4546,4545,-0.5929687510213597,-0.102640416730798
47,-13.5,True,-14.5,False,4546,4451,203.510106202565,-0.001076650432791725
47,-12.5,True,-13.5,True,4547,4546,-0.5988273791528087,-0.09619851038667976
47,-12.5,True,-13.5,False,4547,4452,205.06244363117605,-0.001105644988493555
47,-11.5,True,-12.5,True,4548,4547,-0.6045557955919634,-0.08961359506352264
47,-11.5,True,-12.5,False,4548,4453,206.6031940152165,-0.0011307710854989081
47,-10.5,True,-11.5,True,4549,4548,-0.6101587534348312,-0.08289769477140325
47,-10.5,True,-11.5,False,4549,4454,208.13261302497494,-0.001152145099098717
47,-9.5,True,-10.5,True,4550,4549,-0.6156407663646917,-0.07606247961371852
47,-9.5,True,-10.5,False,4550,4455,209.65094706396064,-0.00116987752170926
47,-8.5,True,-9.5,True,4551,4550,-0.6210061239372777,-0.06911930683672064
47,-8.5,True,-9.5,False,4551,4456,211.15843373244388,-0.0011840733502133678
47,-7.5,True,-8.5,True,4552,4551,-0.626258905689852,-0.06207925818496048
47,-7.5,True,-8.5,False,4552,4457,212.65530226160195,-0.001194832442402943
47,-6.5,True,-7.5,True,4553,4552,-0.631402994179254,-0.05495317412605642
47,-6.5,True,-7.5,False,4553,4458,214.14177392051806,-0.001202249845395745
47,-5.5,True,-6.5,True,4554,4553,-0.6364420870448981,-0.047751685427782256
47,-5.5,True,-6.5,False,4554,4459,215.61806239807913,-0.0012064160985952865
47,-4.5,True,-5.5,True,4555,4554,-0.6413797081803381,-0.04048524250529068
47,-4.5,True,-5.5,False,4555,4460,217.08437416163912,-0.001207417513495847
47,-3.5,True,-4.5,True,4556,4555,-0.646219218090863,-0.033164142903503974
47,-3.5,True,-4.5,False,4556,4461,218.54090879415315,-0.001205336432396209
47,-2.5,True,-3.5,True,4557,4556,-0.6509638235069275,-0.025798557237105536
47,-2.5,True,-3.5,False,4557,4462,219.98785931134057,-0.0012002514678788878
47,-1.5,True,-2.5,True,4558,4557,-0.6556165863142098,-0.018398553876417263
47,-1.5,True,-2.5,False,4558,4463,221.42541246030464,-0.0011922377247235783
47,-0.5,True,-1.5,True,4559,4558,-0.660180431858663,-0.010974122640433386
47,-0.5,True,-1.5,False,4559,4464,222.853749000917,-0.0011813670057600981
47,0.5,True,-0.5,True,4560,4559,-0.6646581566765519,-0.0035351977373969754
47,0.5,True,-0.5,False,4560,4465,224.273043971167,-0.0011677080030192445
47,1.5,True,0.5,True,4561,4560,-0.6690524356962442,0.0039083198222500054
47,1.5,True,0.5,False,4561,4466,225.68346693757942,-0.0011513264754078613
47,2.5,True,1.5,True,4562,4561,-0.6733658289539477,0.011346540126436301
47,2.5,True,1.5,False,4562,4467,227.08518223171444,-0.001132285414020041
47,3.5,True,2.5,True,4563,4562,-0.677600787861607,0.018769562367774054
47,3.5,True,2.5,False,4563,4468,228.47834917368408,-0.001110645196090066
47,4.5,True,3.5,True,4564,4563,-0.6817596610620313,0.02616745274994931
47,4.5,True,3.5,False,4564,4469,229.8631222835457,-0.0010864637285002208
47,5.5,True,4.5,True,4565,4564,-0.6858446999025034,0.03353022208650539
47,5.5,True,4.5,False,4565,4470,231.23965148136637,-0.0010597965816731012
47,6.5,True,5.5,True,4566,4565,-0.6898580635566276,0.04084780287812129
47,6.5,True,5.5,False,4566,4471,232.60808227669247,-0.0010306971146031116
47,7.5,True,6.5,True,4567,4566,-0.6938018238201238,0.04811002564385236
47,7.5,True,6.5,False,4567,4472,233.9685559481009,-0.0009992165917123315
47,8.5,True,7.5,True,4568,4567,-0.6976779696053512,0.05530659426636417
47,8.5,True,7.5,False,4568,4473,235.32120971346066,-0.0009654042921600607
47,9.5,True,8.5,True,4569,4568,-0.701488411156248,0.062427060090444984
47,9.5,True,8.5,False,4569,4474,236.66617689148427,-0.0009293076121734065
47,10.5,True,9.5,True,4570,4569,-0.7052349840044911,0.06946079448717617
47,10.5,True,9.5,False,4570,4475,238.00358705510877,-0.0008909721609247857
47,11.5,True,10.5,True,4571,4570,-0.7089194526848672,0.07639695956218498
47,11.5,True,10.5,False,4571,4476,239.33356617720463,-0.000850441850431221
47,12.5,True,11.5,True,4572,4571,-0.7125435142274625,0.08322447664395777
47,12.5,True,11.5,False,4572,4477,240.6562367690775,-0.000807758979913888
47,13.5,True,12.5,True,4573,4572,-0.7161088014423171,0.08993199213563621
47,13.5,True,12.5,False,4573,4478,241.97171801219292,-0.0007629643150178896
47,14.5,True,13.5,True,4574,4573,-0.7196168860103143,0.096507840248781
47,14.5,True,13.5,False,4574,4479,243.28012588352556,-0.0007160971622605269
47,15.5,True,14.5,True,4575,4574,-0.7230692813949275,0.10294000205745985
47,15.5,True,14.5,False,4575,4480,244.5815732749055,-0.0006671954390447326
47,16.5,True,15.5,True,4576,4575,-0.7264674455854276,0.10921606021196441
47,16.5,True,15.5,False,4576,4481,245.87617010671036,-0.0006162957395487617
47,17.5,True,16.5,True,4577,4576,-0.7298127836844657,0.11532314852871406
47,17.5,True,16.5,False,4577,4482,247.1640234362257,-0.0005634333967765702
47,18.5,True,17.5,True,4578,4577,-0.7331066503489438,0.12124789552014363
47,18.5,True,17.5,False,4578,4483,248.4452375609775,-0.0005086425410333274
47,19.5,True,18.5,True,4579,4578,-0.7363503520952861,0.12697636073734384
47,19.5,True,18.5,False,4579,4484,249.7199141173185,-0.00045195615506634805
47,20.5,True,19.5,True,4580,4579,-0.7395451494767258,0.13249396255791726
47,20.5,True,19.5,False,4580,4485,250.9881521745317,-0.0003934061260965416
47,21.5,True,20.5,True,4581,4580,-0.7426922591416769,0.13778539574723708
47,21.5,True,20.5,False,4581,4486,252.2500483246985,-0.00033302329494583766
47,22.5,True,21.5,True,4582,4581,-0.745792855780465,0.142834536733167
47,22.5,True,21.5,False,4582,4487,253.50569676856156,-0.00027083750245224995
47,23.5,True,22.5,True,4583,4582,-0.7488480739676788,0.147624334035257
47,23.5,True,22.5,False,4583,4488,254.75518939759866,-0.00020687763334703305
47,24.5,True,23.5,True,4584,4583,-0.7518590099064681,0.15213668064204527
47,24.5,True,23.5,False,4584,4489,255.99861587250973,-0.0001411716577597978
47,25.5,True,24.5,True,4585,4584,-0.7548267230811092,0.156352264282334
47,25.5,True,24.5,False,4585,4490,257.23606369830736,-7.374667050079384e-05
47,26.5,True,25.5,True,4586,4585,-0.7577522378235244,0.1602503904144714
47,26.5,True,25.5,False,4586,4491,258.46761829618794,-4.6289282609553976e-06
47,27.5,True,26.5,True,4587,4586,-0.7606365447985013,0.16380877125645846
47,27.5,True,26.5,False,4587,4492,259.69336307235113,6.61561151395423e-05
47,28.5,True,27.5,True,4588,4587,-0.7634806024134662,0.16700327214599098
47,28.5,True,27.5,False,4588,4493,260.91337948392436,0.00013858377533438598
47,29.5,True,28.5,True,4589,4588,-0.7662853381562513,0.16980760372748244
47,29.5,True,28.5,False,4589,4494,262.1277471021399,0.00021263010571243187
47,30.5,True,29.5,True,4590,4589,-0.7690516498661282,0.17219294457349218
47,30.5,True,29.5,False,4590,4495,263.33654367290274,0.0002882718673351142
47,31.5,True,30.5,True,4591,4590,-0.7717804069411329,0.17412747334182146
47,31.5,True,30.5,False,4591,4496,264.5398451748807,0.00036548650036985595
47,32.5,True,31.5,True,4592,4591,-0.7744724514862185,0.175575781636083
47,32.5,True,31.5,False,4592,4497,265.73772587523854,0.0004442520969523667
47,33.5,True,32.5,True,4593,4592,-0.7771285994048611,0.17649812708074897
47,33.5,True,32.5,False,4593,4498,266.9302583831327,0.0005245473753903459
47,34.5,True,33.5,True,4594,4593,-0.7797496414384568,0.176849468616712
47,34.5,True,33.5,False,4594,4499,268.1175137010746,0.000606351655634029
47,35.5,True,34.5,True,4595,4594,-0.7823363441546007,0.17657819908571973
47,35.5,True,34.5,False,4595,4500,269.29956127426675,0.0006896448359352111
47,36.5,True,35.5,True,4596,4595,-0.7848894508897928,0.17562444755900022
47,36.5,True,35.5,False,4596,4501,270.4764690380076,0.0007744073706321611
47,37.5,True,36.5,True,4597,4596,-0.7874096826463131,0.17391775430364306
47,37.5,True,36.5,False,4597,4502,271.64830346325664,0.0008606202489911222
47,38.5,True,37.5,True,4598,4597,-0.7898977389479569,0.17137380355091597
47,38.5,True,37.5,False,4598,4503,272.8151296004476,0.00094826497504972
47,39.5,True,38.5,True,4599,4598,-0.7923542986555105,0.1678896914349163
47,39.5,True,38.5,False,4599,4504,273.9770111216294,0.0010373235484010114
47,40.5,True,39.5,True,4600,4599,-0.7947800207453213,0.16333682109732392
47,40.5,True,39.5,False,4600,4505,275.1340103610138,0.0011277784458725779
47,41.5,True,40.5,True,4601,4600,-0.7971755450514308,0.15754975860006654
47,41.5,True,40.5,False,4601,4506,276.2861883540022,0.001219612604043489
47,42.5,True,41.5,True,4602,4601,-0.7995414929749529,0.15030777876728899
47,42.5,True,41.5,False,4602,4507,277.43360487476104,0.0013128094025623433
47,43.5,True,42.5,True,4603,4602,-0.8018784681612487,0.14130211178279492
47,43.5,True,42.5,False,4603,4508,278.5763184724101,0.0014073526482156389
47,44.5,True,43.5,True,4604,4603,-0.8041870571469474,0.13007220148552068
47,44.5,True,43.5,False,4604,4509,279.7143865058871,0.00150322655971165
47,45.5,True,44.5,True,4605,4604,-0.8064678299781605,0.11586452685489933
47,45.5,True,44.5,False,4605,4510,280.84786517754725,0.001600415753137195
47,46.5,True,45.5,True,4606,4605,-0.8087213408021228,0.09725132137878906
47,46.5,True,45.5,False,4606,4511,281.9768095655522,0.0016989052280567678
47,47.5,True,46.5,True,4607,4606,-0.8109481284326847,0.07065396021511086
47,47.5,True,46.5,False,4607,4512,283.10127365510255,0.0017986803542180737
48,-47.5,False,-48.5,False,4609,4608,-2.4874567963607603,0.06989193159019257
48,-46.5,False,-47.5,False,4610,4609,-2.470465494134757,-0.09626709040940193
48,-46.5,False,-47.5,True,4610,4705,-146.69570461352617,-4.1808328483099354e-05
48,-45.5,False,-46.5,False,4611,4610,-2.4542278271424323,-0.11477099796418895
48,-45.5,False,-46.5,True,4611,4706,-148.87626437601813,-7.501948811583037e-05
48,-44.5,False,-45.5,False,4612,4611,-2.4386896783984113,-0.12893589527828286
48,-44.5,False,-45.5,True,4612,4707,-151.02504832277378,-0.0001092939851324544
48,-43.5,False,-44.5,False,4613,4612,-2.4238022199689198,-0.1401699449605383
48,-43.5,False,-44.5,True,4613,4708,-153.14340666235591,-0.00014466755170219068
48,-42.5,False,-43.5,False,4614,4613,-2.4095212663572596,-0.14921577453684784
48,-42.5,False,-43.5,True,4614,4709,-155.23259658989684,-0.00018093217212109637
48,-41.5,False,-42.5,False,4615,4614,-2.3958067219610157,-0.1565269610085336
48,-41.5,False,-42.5,True,4615,4710,-157.29379101942993,-0.00021785720133423464
48,-40.5,False,-41.5,False,4616,4615,-2.38262210684249,-0.1624073879016779
48,-40.5,False,-41.5,True,4616,4711,-159.3280862894482,-0.00025522603677197153
48,-39.5,False,-40.5,False,4617,4616,-2.369934148022992,-0.16707414434641013
48,-39.5,False,-40.5,True,4617,4712,-161.3365089855285,-0.00029284344095864085
48,-38.5,False,-39.5,False,4618,4617,-2.3577124258634328,-0.17068983516764724
48,-38.5,False,-39.5,True,4618,4713,-163.32002200062968,-0.000330535892883534
48,-37.5,False,-38.5,False,4619,4618,-2.3459290669654536,-0.1733807794710077
48,-37.5,False,-38.5,True,4619,4714,-165.27952993467335,-0.00036815002667371226
48,-36.5,False,-37.5,False,4620,4619,-2.334558476529125,-0.17524799690978643
48,-36.5,False,-37.5,True,4620,4715,-167.21588391938272,-0.0004055506031789789
48,-35.5,False,-36.5,False,4621,4620,-2.3235771043120863,-0.17637420975298707
48,-35.5,False,-36.5,True,4621,4716,-169.1298859414387,-0.00044261848098875445
48,-34.5,False,-35.5,False,4622,4621,-2.31296323931619,-0.17682850500017122
48,-34.5,False,-35.5,True,4622,4717,-171.02229272628176,-0.00047924874022597756
48,-33.5,False,-34.5,False,4623,4622,-2.302696829124102,-0.176669552318356
48,-33.5,False,-34.5,True,4623,4718,-172.89381923593683,-0.0005153490013092894
48,-32.5,False,-33.5,False,4624,4623,-2.2927593204637517,-0.17594789328973456
48,-32.5,False,-33.5,True,4624,4719,-174.74514182673946,-0.0005508379394251831
48,-31.5,False,-32.5,False,4625,4624,-2.2831335181140986,-0.1747076124402147
48,-31.5,False,-32.5,True,4625,4720,-176.57690110653212,-0.0005856439802809667
48,-30.5,False,-31.5,False,4626,4625,-2.2738034597088657,-0.17298758438233702
48,-30.5,False,-31.5,True,4626,4721,-178.38970452556984,-0.0006197041580461721
48,-29.5,False,-30.5,False,4627,4626,-2.264754304365013,-0.17082242279722215
48,-29.5,False,-30.5,True,4627,4722,-180.1841287308585,-0.0006529631160108323
48,-28.5,False,-29.5,False,4628,4627,-2.255972233365739,-0.16824321495801206
48,-28.5,False,-29.5,True,4628,4723,-181.96072170980406,-0.0006853722317990325
48,-27.5,False,-28.5,False,4629,4628,-2.247444361386961,-0.16527809893764456
48,-27.5,False,-28.5,True,4629,4724,-183.72000474577152,-0.0007168888508710624
48,-26.5,False,-27.5,False,4630,4629,-2.2391586569684137,-0.16195272338740374
48,-26.5,False,-27.5,True,4630,4725,-185.4624742053417,-0.0007474756140299475
48,-25.5,False,-26.5,False,4631,4630,-2.2311038711137456,-0.15829061828341134
48,-25.5,False,-26.5,True,4631,4726,-187.18860317463864,-0.0007770998665233993
48,-24.5,False,-25.5,False,4632,4631,-2.223269473054394,-0.154313497220053
48,-24.5,False,-25.5,True,4632,4727,-188.89884296002154,-0.000805733138016411
48,-23.5,False,-24.5,False,4633,4632,-2.2156455923442593,-0.15004150640411174
48,-23.5,False,-24.5,True,4633,4728,-190.593624466635,-0.0008333506841932019
48,-22.5,False,-23.5,False,4634,4633,-2.208222966559333,-0.1454934316715452
48,-22.5,False,-23.5,True,4634,4729,-192.27335946675336,-0.0008599310820241655
48,-21.5,False,-22.5,False,4635,4634,-2.2009928939735914,-0.1406868720986851
48,-21.5,False,-22.5,True,4635,4730,-193.93844176850106,-0.0008854558718448846
48,-20.5,False,-21.5,False,4636,4635,-2.1939471906597845,-0.13563838677674805
48,-20.5,False,-21.5,True,4636,4731,-195.5892482943492,-0.0009099092403323817
48,-19.5,False,-20.5,False,4637,4636,-2.1870781515354167,-0.13036361984028572
48,-19.5,False,-20.5,True,4637,4732,-197.22614007775923,-0.000933277739275828
48,-18.5,False,-19.5,False,4638,4637,-2.180378514931462,-0.12487740773564392
48,-18.5,False,-19.5,True,4638,4733,-198.84946318544087,-0.0009555500357317483
48,-17.5,False,-18.5,False,4639,4638,-2.1738414303134164,-0.11919387188086078
48,-17.5,False,-18.5,True,4639,4734,-200.45954957190054,-0.0009767166897420329
48,-16.5,False,-17.5,False,4640,4639,-2.1674604288291732,-0.11332649923112503
48,-16.5,False,-17.5,True,4640,4735,-202.0567178722579,-0.000996769956302757
48,-15.5,False,-16.5,False,4641,4640,-2.1612293963949867,-0.10728821277262325
48,-15.5,False,-16.5,True,4641,4736,-203.64127413869687,-0.0010157036087034348
48,-14.5,False,-15.5,False,4642,4641,-2.1551425490650047,-0.1010914335854889
48,-14.5,False,-15.5,True,4642,4737,-205.21351252537164,-0.0010335127807310459
48,-13.5,False,-14.5,False,4643,4642,-2.1491944104596996,-0.09474813581695828
48,-13.5,False,-14.5,True,4643,4738,-206.77371592611112,-0.0010501938255523186
48,-12.5,False,-13.5,False,4644,4643,-2.1433797910519417,-0.08826989566913437
48,-12.5,False,-13.5,True,4644,4739,-208.32215656883756,-0.0010657441893661104
48,-11.5,False,-12.5,False,4645,4644,-2.1376937691329374,-0.08166793531752206
48,-11.5,False,-12.5,True,4645,4740,-209.8590965702372,-0.0010801622981526473
48,-10.5,False,-11.5,False,4646,4645,-2.132131673299696,-0.07495316252584387
48,-10.5,False,-11.5,True,4646,4741,-211.3847884538846,-0.001093447456056
48,-9.5,False,-10.5,False,4647,4646,-2.1266890663220295,-0.06813620660144608
48,-9.5,False,-10.5,True,4647,4742,-212.8994756347211,-0.0011055997541133513
48,-8.5,False,-9.5,False,4648,4647,-2.1213617302623504,-0.061227451237669955
48,-8.5,False,-9.5,True,4648,4743,-214.40339287252027,-0.00111661998819753
48,-7.5,False,-8.5,False,4649,4648,-2.1161456527352414,-0.054237064710103144
48,-7.5,False,-8.5,True,4649,4744,-215.89676669673267,-0.0011265095851784167
48,-6.5,False,-7.5,False,4650,4649,-2.111037014204996,-0.04717502782905615
48,-6.5,False,-7.5,True,4650,4745,-217.3798158048877,-0.0011352705364210496
48,-5.5,False,-6.5,False,4651,4650,-2.1060321762291636,-0.04005115999803634
48,-5.5,False,-6.5,True,4651,4746,-218.8527514365366,-0.0011429053378445295
48,-4.5,False,-5.5,False,4652,4651,-2.101127670566811,-0.0328751436852767
48,-4.5,False,-5.5,True,4652,4747,-220.3157777245474,-0.0011494169358518852
48,-3.5,False,-4.5,False,4653,4652,-2.096320189076735,-0.025656547580768588
48,-3.5,False,-4.5,True,4653,4748,-221.7690920254057,-0.0011548086785230958
48,-2.5,False,-3.5,False,4654,4653,-2.091606574338769,-0.01840484868344521
48,-2.5,False,-3.5,True,4654,4749,-223.21288523003602,-0.0011590842715275501
48,-1.5,False,-2.5,False,4655,4654,-2.08698381093825,-0.011129453541115332
48,-1.5,False,-2.5,True,4655,4750,-224.6473420565278,-0.001162247738275755
48,-0.5,False,-1.5,False,4656,4655,-2.0824490173584707,-0.0038397188486719892
48,-0.5,False,-1.5,True,4656,4751,-226.0726413260393,-0.0011643033838816316
48,0.5,False,-0.5,False,4657,4656,-2.0779994384319735,0.0034550284026097717
48,0.5,False,-0.5,True,4657,4752,-227.4889562230445,-0.001165255762553437
48,1.5,False,0.5,False,4658,4657,-2.0736324383052533,0.010745471040638265
48,1.5,False,0.5,True,4658,4753,-228.89645454099653,-0.0011651096480724563
48,2.5,False,1.5,False,4659,4658,-2.0693454938767957,0.01802228191401559
48,2.5,False,1.5,True,4659,4754,-230.29529891439336,-0.0011638700070544933
48,3.5,False,2.5,False,4660,4659,-2.0651361886707207,0.025276104002242717
48,3.5,False,2.5,True,4660,4755,-231.68564703815568,-0.001161541974721768
48,4.5,False,3.5,False,4661,4660,-2.0610022071120824,0.03249753025560922
48,4.5,False,3.5,True,4661,4756,-233.06765187515327,-0.001158130832940635
48,5.5,False,4.5,False,4662,4661,-2.056941329174194,0.03967708298054315
48,5.5,False,4.5,True,4662,4757,-234.4414618526543,-0.0011536419903060808
48,6.5,False,5.5,False,4663,4662,-2.0529514253680645,0.046805192577323476
48,6.5,False,5.5,True,4663,4758,-235.80722104841135,-0.0011480809640751662
48,7.5,False,6.5,False,4664,4663,-2.0490304520500615,0.05387217542424973
48,7.5,False,6.5,True,4664,4759,-237.16506936704425,-0.001141453363772256
48,8.5,False,7.5,False,4665,4664,-2.0451764470228397,0.06086821068517531
48,8.5,False,7.5,True,4665,4760,-238.51514270733196,-0.0011337648763060095
48,9.5,False,8.5,False,4666,4665,-2.0413875254090783,0.06778331579513935
48,9.5,False,8.5,True,4666,4761,-239.85757312097866,-0.001125021252452958
48,10.5,False,9.5,False,4667,4666,-2.037661875777701,0.07460732035087689
48,10.5,False,9.5,True,4667,4762,-241.19248896338019,-0.0011152282945763386
48,11.5,False,10.5,False,4668,4667,-2.033997756504732,0.08132983809823258
48,11.5,False,10.5,True,4668,4763,-242.5200150368774,-0.001104391845461683
48,12.5,False,11.5,False,4669,4668,-2.0303934923522036,0.0879402366655802
48,12.5,False,11.5,True,4669,4764,-243.84027272694914,-0.0010925177781591598
48,13.5,False,12.5,False,4670,4669,-2.0268474712495674,0.09442760463957552
48,13.5,False,12.5,True,4670,4765,-245.1533801317657,-0.0010796119867338496
48,14.5,False,13.5,False,4671,4670,-2.023358141264083,0.10078071551471932
48,14.5,False,13.5,True,4671,4766,-246.45945218549411,-0.0010656803778314027
48,15.5,False,14.5,False,4672,4671,-2.0199240077468232,0.10698798796845445
48,15.5,False,14.5,True,4672,4767,-247.75860077571983,-0.0010507288629740157
48,16.5,False,15.5,False,4673,4672,-2.0165436306423317,0.11303744181519833
48,16.5,False,15.5,True,4673,4768,-249.05093485532376,-0.0010347633515055495
48,17.5,False,16.5,False,4674,4673,-2.0132156219512183,0.11891664887106772
48,17.5,False,16.5,True,4674,4769,-250.33656054913206,-0.001017789744110227
48,18.5,False,17.5,False,4675,4674,-2.009938643335829,0.12461267780985974
48,18.5,False,17.5,True,4675,4770,-251.6155812556339,-0.0009998139268306387
48,19.5,False,18.5,False,4676,4675,-2.0067114038583327,0.13011203190192508
48,19.5,False,18.5,True,4676,4771,-252.88809774404288,-0.0009808417655108894
48,20.5,False,19.5,False,4677,4676,-2.00353265784409,0.13540057829005792
48,20.5,False,19.5,True,4677,4772,-254.15420824696005,-0.0009608791005921742
48,21.5,False,20.5,False,4678,4677,-2.0004012028615534,0.14046346715588184
48,21.5,False,20.5,True,4678,4773,-255.41400854888047,-0.000939931742180825
48,22.5,False,21.5,False,4679,4678,-1.9973158778109337,0.14528503874682194
48,22.5,False,21.5,True,4679,4774,-256.66759207076774,-0.0009180054653056386
48,23.5,False,22.5,False,4680,4679,-1.9942755611153302,0.14984871574083056
48,23.5,False,22.5,True,4680,4775,-257.91504995090884,-0.0008951060052685247
48,24.5,False,23.5,False,4681,4680,-1.9912791690077825,0.15413687778668597
48,24.5,False,23.5,True,4681,4776,-259.1564711222467,-0.0008712390529758648
48,25.5,False,24.5,False,4682,4681,-1.988325653907964,0.15813071422038724
48,25.5,False,24.5,True,4682,4777,-260.39194238637725,-0.0008464102501152644
48,26.5,False,25.5,False,4683,4682,-1.9854140028833456,0.16181004985021258
48,26.5,False,25.5,True,4683,4778,-261.6215484843833,-0.0008206251840063476
48,27.5,False,26.5,False,4684,4683,-1.9825432361898265,0.16515313722026465
48,27.5,False,26.5,True,4684,4779,-262.8453721646713,-0.0007938893819017473
48,28.5,False,27.5,False,4685,4684,-1.9797124058863176,0.16813640675350894
48,28.5,False,27.5,True,4685,4780,-264.06349424796224,-0.0007662083044414339
48,29.5,False,28.5,False,4686,4685,-1.976920594519754,0.170734163417213
48,29.5,False,28.5,True,4686,4781,-265.27599368958306,-0.000737587337849193
48,30.5,False,29.5,False,4687,4686,-1.974166913875905,0.17291821471103416
48,30.5,False,29.5,True,4687,4782,-266.4829476391935,-0.0007080317842954475
48,31.5,False,30.5,False,4688,4687,-1.9714505037918855,0.17465740933784252
48,31.5,False,30.5,True,4688,4783,-267.68443149807604,-0.0006775468495981991
48,32.5,False,31.5,False,4689,4688,-1.9687705310276158,0.17591705807817964
48,32.5,False,31.5,True,4689,4784,-268.8805189741104,-0.0006461376270342748
48,33.5,False,32.5,False,4690,4689,-1.966126188191737,0.17665819686986173
48,33.5,False,32.5,True,4690,4785,-270.0712821345445,-0.0006138090754193288
48,34.5,False,33.5,False,4691,4690,-1.9635166927195655,0.17683663479374995
48,34.5,False,33.5,True,4691,4786,-271.25679145667056,-0.000580565988594861
48,35.5,False,34.5,False,4692,4691,-1.9609412859007875,0.17640170304092018
48,35.5,False,34.5,True,4692,4787,-272.43711587650574,-0.0005464129517736104
48,36.5,False,35.5,False,4693,4692,-1.9583992319514039,0.1752945788122602
48,36.5,False,35.5,True,4693,4788,-273.6123228355727,-0.0005113542772909005
48,37.5,False,36.5,False,4694,4693,-1.955889817132089,0.17344598933021999
48,37.5,False,36.5,True,4694,4789,-274.782478325871,-0.0004753939071007319
48,38.5,False,37.5,False,4695,4694,-1.9534123489050046,0.17077298473807137
48,38.5,False,37.5,True,4695,4790,-275.9476469331229,-0.00043853525970272643
48,39.5,False,38.5,False,4696,4695,-1.9509661551315673,0.16717426318193973
48,39.5,False,38.5,True,4696,4791,-277.1078918783742,-0.00040078098029713247
48,40.5,False,39.5,False,4697,4696,-1.948550583306087,0.16252315024985908
48,40.5,False,39.5,True,4697,4792,-278.26327505802664,-0.00036213251400053493
48,41.5,False,40.5,False,4698,4697,-1.9461649998245605,0.15665658486877576
48,41.5,False,40.5,True,4698,4793,-279.41385708237203,-0.0003225893358554531
48,42.5,False,41.5,False,4699,4698,-1.9438087892866633,0.14935687657557528
48,42.5,False,41.5,True,4699,4794,-280.55969731269806,-0.0002821474649571478
48,43.5,False,42.5,False,4700,4699,-1.9414813538282942,0.14031932052028664
48,43.5,False,42.5,True,4700,4795,-281.7008538970278,-0.00024079634164210126
48,44.5,False,43.5,False,4701,4700,-1.939182112484957,0.12908915917227978
48,44.5,False,43.5,True,4701,4796,-282.8373838045558,-0.00019851148248316964
48,45.5,False,44.5,False,4702,4701,-1.936910500581888,0.11492193100259038
48,45.5,False,44.5,True,4702,4797,-283.9693428588374,-0.00015523427174701337
48,46.5,False,45.5,False,4703,4702,-1.9346659691518084,0.09640622782778023
48,46.5,False,45.5,True,4703,4798,-285.0967857697859,-0.0001108013965071579
48,47.5,False,46.5,False,4704,4703,-1.9324479843776885,0.07000235532003232
48,47.5,False,46.5,True,4704,4799,-286.21976616453026,-6.456613041688972e-05
48,-47.5,True,-48.5,False,4705,4608,141.73778232303067,-0.0035464547798909054
48,-46.5,True,-47.5,True,4706,4705,-0.27366806465047944,-0.0700623717090634
48,-46.5,True,-47.5,False,4706,4609,143.95157105474095,0.0032298524991551114
48,-45.5,True,-46.5,True,4707,4706,-0.28990573164276157,-0.09648000428348799
48,-45.5,True,-46.5,False,4707,4610,146.13213081723296,0.0029324270414242274
48,-44.5,True,-45.5,True,4708,4707,-0.3054438803868038,-0.11499990869767146
48,-44.5,True,-45.5,False,4708,4611,148.28091476398856,0.002652773870356686
48,-43.5,True,-44.5,True,4709,4708,-0.3203313388163167,-0.12916619148374062
48,-43.5,True,-44.5,False,4709,4612,150.39927310357066,0.002389634556938041
48,-42.5,True,-43.5,True,4710,4709,-0.33461229242794843,-0.14039222225803444
48,-42.5,True,-43.5,False,4710,4613,152.48846303111165,0.0021418778302873965
48,-41.5,True,-42.5,True,4711,4710,-0.3483268368242136,-0.14942358264182015
48,-41.5,True,-42.5,False,4711,4614,154.54965746064468,0.0019084835341831423
48,-40.5,True,-41.5,True,4712,4711,-0.36151145194270384,-0.15671575252954745
48,-40.5,True,-41.5,False,4712,4615,156.583952730663,0.001688528979299119
48,-39.5,True,-40.5,True,4713,4712,-0.3741994107622304,-0.16257393641799317
48,-39.5,True,-40.5,False,4713,4616,158.59237542674327,0.0014811772813376899
48,-38.5,True,-39.5,True,4714,4713,-0.3864211329217824,-0.16721618582687187
48,-38.5,True,-39.5,False,4714,4617,160.57588844184448,0.0012856673537672513
48,-37.5,True,-38.5,True,4715,4714,-0.3982044918197687,-0.17080583026229237
48,-37.5,True,-38.5,False,4715,4618,162.53539637588813,0.001101305285819141
48,-36.5,True,-37.5,True,4716,4715,-0.4095750822561115,-0.173469747429699
48,-36.5,True,-37.5,False,4716,4619,164.47175036059747,0.00092745688557834
48,-35.5,True,-36.5,True,4717,4716,-0.4205564544731146,-0.17530939490099312
48,-35.5,True,-36.5,False,4717,4620,166.3857523826535,0.0007635412072693271
48,-34.5,True,-35.5,True,4718,4717,-0.4311703194690324,-0.17640784248604888
48,-34.5,True,-35.5,False,4718,4621,168.27815916749654,0.0006090249133885622
48,-33.5,True,-34.5,True,4719,4718,-0.44143672966112035,-0.17683445541552187
48,-33.5,True,-34.5,False,4719,4622,170.1496856771516,0.00046341734779465656
48,-32.5,True,-33.5,True,4720,4719,-0.4513742383214492,-0.17664812741257072
48,-32.5,True,-33.5,False,4720,4623,172.00100826795426,0.0003262662165401892
48,-31.5,True,-32.5,True,4721,4720,-0.46100004067113787,-0.17589958110809645
48,-31.5,True,-32.5,False,4721,4624,173.83276754774687,0.0001971537900882869
48,-30.5,True,-31.5,True,4722,4721,-0.4703300990763353,-0.1746330474942331
48,-30.5,True,-31.5,False,4722,4625,175.64557096678465,7.569355436347599e-05
48,-29.5,True,-30.5,True,4723,4722,-0.4793792544201949,-0.17288751954248333
48,-29.5,True,-30.5,False,4723,4626,177.4399951720733,-3.8472750539915204e-05
48,-28.5,True,-29.5,True,4724,4723,-0.4881613254194974,-0.17069770624140496
48,-28.5,True,-29.5,False,4724,4627,179.2165881510188,-0.0001456777557776336
48,-27.5,True,-28.5,True,4725,4724,-0.4966891973982399,-0.1680947711210438
48,-27.5,True,-28.5,False,4725,4628,180.97587118698632,-0.00024623079728876914
48,-26.5,True,-27.5,True,4726,4725,-0.5049749018168086,-0.16510691266400176
48,-26.5,True,-27.5,False,4726,4629,182.71834064655647,-0.0003404199949336906
48,-25.5,True,-26.5,True,4727,4726,-0.5130296876714908,-0.1617598266746327
48,-25.5,True,-26.5,False,4727,4630,184.4444696158534,-0.00042851410929194904
48,-24.5,True,-25.5,True,4728,4727,-0.5208640857308069,-0.15807707913926214
48,-24.5,True,-25.5,False,4728,4631,186.15470940123635,-0.0005107642036195908
48,-23.5,True,-24.5,True,4729,4728,-0.528487966440963,-0.15408041025763294
48,-23.5,True,-24.5,False,4729,4632,187.84949090784977,-0.0005874051346208523
48,-22.5,True,-23.5,True,4730,4729,-0.5359105922258891,-0.14978998487593087
48,-22.5,True,-23.5,False,4730,4633,189.52922590796814,-0.0006586568924477421
48,-21.5,True,-22.5,True,4731,4730,-0.5431406648116308,-0.14522460070204699
48,-21.5,True,-22.5,False,4731,4634,191.19430820971584,-0.0007247258075878303
48,-20.5,True,-21.5,True,4732,4731,-0.5501863681254093,-0.14040186292039253
48,-20.5,True,-21.5,False,4732,4635,192.84511473556404,-0.0007858056399636925
48,-19.5,True,-20.5,True,4733,4732,-0.5570554072498055,-0.1353383318108679
48,-19.5,True,-20.5,False,4733,4636,194.482006518974,-0.0008420785635687979
48,-18.5,True,-19.5,True,4734,4733,-0.5637550438537602,-0.13004964849087083
48,-18.5,True,-19.5,False,4734,4637,196.10532962665565,-0.0008937160582635142
48,-17.5,True,-18.5,True,4735,4734,-0.5702921284718059,-0.12455064278897586
48,-17.5,True,-18.5,False,4735,4638,197.71541601311532,-0.000940879718887779
48,-16.5,True,-17.5,True,4736,4735,-0.5766731299560206,-0.1188554264198704
48,-16.5,True,-17.5,False,4736,4639,199.3125843134727,-0.000983721990588727
48,-15.5,True,-16.5,True,4737,4736,-0.5829041623902356,-0.11297747398938467
48,-15.5,True,-16.5,False,4737,4640,200.89714057991165,-0.0010223868381793958
48,-14.5,True,-15.5,True,4738,4737,-0.5889910097202176,-0.10692969386444605
48,-14.5,True,-15.5,False,4738,4641,202.46937896658642,-0.001057010356403388
48,-13.5,True,-14.5,True,4739,4738,-0.5949391483255226,-0.10072449055852571
48,-13.5,True,-14.5,False,4739,4642,204.0295823673259,-0.0010877213271700376
48,-12.5,True,-13.5,True,4740,4739,-0.6007537677332806,-0.0943738199818114
48,-12.5,True,-13.5,False,4740,4643,205.57802301005233,-0.0011146417291190342
48,-11.5,True,-12.5,True,4741,4740,-0.6064397896522848,-0.08788923866725297
48,-11.5,True,-12.5,False,4741,4644,207.11496301145198,-0.001137887204257549
48,-10.5,True,-11.5,True,4742,4741,-0.612001885485526,-0.08128194789426407
48,-10.5,True,-11.5,False,4742,4645,208.64065489509937,-0.001157567485879169
48,-9.5,True,-10.5,True,4743,4742,-0.6174444924631928,-0.07456283348029126
48,-9.5,True,-10.5,False,4743,4646,210.1553420759359,-0.0011737867915051934
48,-8.5,True,-9.5,True,4744,4743,-0.6227718285228434,-0.06774250188851118
48,-8.5,True,-9.5,False,4744,4647,211.65925931373508,-0.0011866441841767213
48,-7.5,True,-8.5,True,4745,4744,-0.6279879060499809,-0.06083131320136238
48,-7.5,True,-8.5,False,4745,4648,213.15263313794745,-0.0011962339050698625
48,-6.5,True,-7.5,True,4746,4745,-0.6330965445802264,-0.05383941142964096
48,-6.5,True,-7.5,False,4746,4649,214.63568224610248,-0.0012026456800847117
48,-5.5,True,-6.5,True,4747,4746,-0.6381013825560586,-0.0467767525618934
48,-5.5,True,-6.5,False,4747,4650,216.10861787775139,-0.0012059650027848687
48,-4.5,True,-5.5,True,4748,4747,-0.6430058882184113,-0.039653130705909666
48,-4.5,True,-5.5,False,4748,4651,217.57164416576217,-0.0012062733958135214
48,-3.5,True,-4.5,True,4749,4748,-0.6478133697084587,-0.03247820263109845
48,-3.5,True,-4.5,False,4749,4652,219.0249584666205,-0.0012036486526986643
48,-2.5,True,-3.5,True,4750,4749,-0.6525269844464532,-0.02526151098566974
48,-2.5,True,-3.5,False,4750,4653,220.4687516712508,-0.0011981650617627249
48,-1.5,True,-2.5,True,4751,4750,-0.6571497478469723,-0.018012506434525934
48,-1.5,True,-2.5,False,4751,4654,221.90320849774258,-0.0011898936136846144
48,-0.5,True,-1.5,True,4752,4751,-0.6616845414267516,-0.01074056894153256
48,-0.5,True,-1.5,False,4752,4655,223.32850776725408,-0.0011789021941077638
48,0.5,True,-0.5,True,4753,4752,-0.6661341203532487,-0.003455028402609143
48,0.5,True,-0.5,False,4753,4656,224.7448226642593,-0.001165255762553437
48,1.5,True,0.5,True,4754,4753,-0.6705011204799689,0.003834815176774606
48,1.5,True,0.5,False,4754,4657,226.1523209822113,-0.0011490165187775362
48,2.5,True,1.5,True,4755,4754,-0.6747880649083982,0.01111967177498568
48,2.5,True,1.5,False,4755,4658,227.55116535560816,-0.001130244057601121
48,3.5,True,2.5,True,4756,4755,-0.6789973701145016,0.01839024153903431
48,3.5,True,2.5,False,4756,4659,228.94151347937046,-0.001108995513149189
48,4.5,True,3.5,True,4757,4756,-0.6831313516731399,0.025637194883081787
48,4.5,True,3.5,False,4757,4660,230.32351831636805,-0.001085325693345348
48,5.5,True,4.5,True,4758,4757,-0.6871922296110284,0.032851152321269624
48,5.5,True,4.5,False,4758,4661,231.69732829386908,-0.0010592872054335494
48,6.5,True,5.5,True,4759,4758,-0.6911821334171577,0.04002266385033657
48,6.5,True,5.5,False,4759,4662,233.06308748962613,-0.0010309305732266064
48,7.5,True,6.5,True,4760,4759,-0.6951031067351465,0.04714218768869719
48,7.5,True,6.5,False,4760,4663,234.42093580825906,-0.0010003043467218182
48,8.5,True,7.5,True,4761,4760,-0.6989571117623825,0.05420006816590559
48,8.5,True,7.5,False,4761,4664,235.77100914854674,-0.0009674552046643676
48,9.5,True,8.5,True,4762,4761,-0.7027460333761439,0.0611865125393062
48,9.5,True,8.5,False,4762,4665,237.11343956219343,-0.0009324280505920021
48,10.5,True,9.5,True,4763,4762,-0.7064716830075213,0.06809156649255976
48,10.5,True,9.5,False,4763,4666,238.44835540459496,-0.0008952661028450285
48,11.5,True,10.5,True,4764,4763,-0.710135802280476,0.07490508804284217
48,11.5,True,10.5,False,4764,4667,239.7758814780922,-0.0008560109789878378
48,12.5,True,11.5,True,4765,4764,-0.7137400664330187,0.08161671954882152
48,12.5,True,11.5,False,4765,4668,241.09613916816392,-0.0008147027750479164
48,13.5,True,12.5,True,4766,4765,-0.7172860875356548,0.08821585746865913
48,13.5,True,12.5,False,4766,4669,242.40924657298046,-0.0007713801399467626
48,14.5,True,13.5,True,4767,4766,-0.7207754175211107,0.09469161946458597
48,14.5,True,13.5,False,4767,4670,243.71531862670892,-0.0007260803454643278
48,15.5,True,14.5,True,4768,4767,-0.7242095510383848,0.10103280838582966
48,15.5,True,14.5,False,4768,4671,245.01446721693463,-0.0006788393520524417
48,16.5,True,15.5,True,4769,4768,-0.727589928142919,0.10722787258200972
48,16.5,True,15.5,False,4769,4672,246.30680129653854,-0.000629691870785919
48,17.5,True,16.5,True,4770,4769,-0.7309179368339898,0.11326486190090075
48,17.5,True,16.5,False,4770,4673,247.59242699034687,-0.0005786714217183812
48,18.5,True,17.5,True,4771,4770,-0.7341949154493648,0.11913137860294687
48,18.5,True,17.5,False,4771,4674,248.87144769684872,-0.000525810388887532
48,19.5,True,18.5,True,4772,4771,-0.737422154926918,0.12481452227386435
48,19.5,True,18.5,False,4772,4675,250.14396418525763,-0.0004711400721962357
48,20.5,True,19.5,True,4773,4772,-0.7406009009411179,0.13030082762792514
48,20.5,True,19.5,False,4773,4676,251.41007468817486,-0.000414690736378489
48,21.5,True,20.5,True,4774,4773,-0.7437323559236688,0.1355761938572257
48,21.5,True,20.5,False,4774,4677,252.66987499009525,-0.00035649165724200297
48,22.5,True,21.5,True,4775,4774,-0.7468176809742744,0.14062580388187107
48,22.5,True,21.5,False,4775,4678,253.92345851198255,-0.00029657116536745
48,23.5,True,22.5,True,4776,4775,-0.7498579976698778,0.14543403147296932
48,23.5,True,22.5,False,4776,4679,255.17091639212362,-0.00023495668742656213
48,24.5,True,23.5,True,4777,4776,-0.7528543897774398,0.14998433372783895
48,24.5,True,23.5,False,4777,4680,256.4123375634615,-0.00017167478527458133
48,25.5,True,24.5,True,4778,4777,-0.7558079048772441,0.15425912573804856
48,25.5,True,24.5,False,4778,4681,257.64780882759203,-0.00010675119295635525
48,26.5,True,25.5,True,4779,4778,-0.7587195559018767,0.15823963345433772
48,26.5,True,25.5,False,4779,4682,258.87741492559815,-4.021085175739077e-05
48,27.5,True,26.5,True,4780,4779,-0.7615903225953957,0.16190571964546122
48,27.5,True,26.5,False,4780,4683,260.10123860588607,2.7922056576300744e-05
48,28.5,True,27.5,True,4781,4780,-0.7644211528989047,0.16523567636651748
48,28.5,True,27.5,False,4781,4684,261.31936068917696,9.7624078340193e-05
48,29.5,True,28.5,True,4782,4781,-0.7672129642654681,0.1682059753451887
48,29.5,True,28.5,False,4782,4685,262.53186013079784,0.00016887245798667311
48,30.5,True,29.5,True,4783,4782,-0.7699666449093172,0.17079096493852156
48,30.5,True,29.5,False,4783,4686,263.73881408040825,0.00024164510975785989
48,31.5,True,30.5,True,4784,4783,-0.7726830549933368,0.17296249847339024
48,31.5,True,30.5,False,4784,4687,264.9402979392909,0.0003159205907455161
48,32.5,True,31.5,True,4785,4784,-0.7753630277576065,0.17468947334806328
48,32.5,True,31.5,False,4785,4688,266.1363854153251,0.00039167807529111846
48,33.5,True,32.5,True,4786,4785,-0.7780073705934711,0.17593725243945676
48,33.5,True,32.5,False,4786,4689,267.3271485757593,0.0004688973306501513
48,34.5,True,33.5,True,4787,4786,-0.7806168660656283,0.1766669278505066
48,34.5,True,33.5,False,4787,4690,268.5126578978854,0.0005475586938450088
48,35.5,True,34.5,True,4788,4787,-0.7831922728844631,0.17683436974533587
48,35.5,True,34.5,False,4788,4691,269.69298231772046,0.0006276430496371527
48,36.5,True,35.5,True,4789,4788,-0.7857343268337758,0.1763889764150535
48,36.5,True,35.5,False,4789,4692,270.86818927678746,0.0007091318095583499
48,37.5,True,36.5,True,4790,4789,-0.7882437416531332,0.17527199962561105
48,37.5,True,36.5,False,4790,4693,272.03834476708573,0.0007920068919354766
48,38.5,True,37.5,True,4791,4790,-0.7907212098802177,0.17341425058086313
48,38.5,True,37.5,False,4791,4694,273.2035133743376,0.0008762507028581798
48,39.5,True,38.5,True,4792,4791,-0.7931674036536549,0.17073287551843488
48,39.5,True,38.5,False,4792,4695,274.363758319589,0.0009618461180332563
48,40.5,True,39.5,True,4793,4792,-0.7955829754791353,0.1671266846310791
48,40.5,True,39.5,False,4793,4696,275.5191414992414,0.0010487764654785825
48,41.5,True,40.5,True,4794,4793,-0.7979685589606618,0.16246913716997669
48,41.5,True,40.5,False,4794,4697,276.66972352358687,0.0011370255090104025
48,42.5,True,41.5,True,4795,4794,-0.8003247694985589,0.15659733606751777
48,42.5,True,41.5,False,4795,4698,277.81556375391284,0.0012265774324801235
48,43.5,True,42.5,True,4796,4795,-0.802652204956928,0.14929379939243537
48,43.5,True,42.5,False,4796,4699,278.9567203382426,0.0013174168247223575
48,44.5,True,43.5,True,4797,4796,-0.8049514463002652,0.1402541000505812
48,44.5,True,43.5,False,4797,4700,280.0932502457706,0.001409528665172096
48,45.5,True,44.5,True,4798,4797,-0.80722305820332,0.12902387461122813
48,45.5,True,44.5,False,4798,4701,281.22520930005226,0.001502898310122086
48,46.5,True,45.5,True,4799,4798,-0.8094675896333854,0.11485927421264702
48,46.5,True,45.5,False,4799,4702,282.35265221100076,0.0015975114795796178
48,47.5,True,46.5,True,4800,4799,-0.8116855744075622,0.09634999197072282
48,47.5,True,46.5,False,4800,4703,283.475632605745,0.001693354244697289
48,48.5,True,47.5,True,4801,4800,-0.8138775317263764,0.06995894413259146
48,48.5,True,47.5,False,4801,4704,284.5942030583963,0.0017904130157446404
49,-48.5,False,-49.5,False,4803,4802,-2.499099300255665,0.06921413329517426
49,-47.5,False,-48.5,False,4804,4803,-2.4815786726113913,-0.09538638553004984
49,-47.5,False,-48.5,True,4804,4901,-145.24010279979262,-3.904716119904229e-05
49,-46.5,False,-47.5,False,4805,4804,-2.4648506124266873,-0.11378649635094334
49,-46.5,False,-47.5,True,4805,4902,-147.44239852604548,-7.04698005077894e-05
49,-45.5,False,-46.5,False,4806,4805,-2.448857108153632,-0.1279063913031434
49,-45.5,False,-46.5,True,4806,4903,-149.6119726878406,-0.00010316320285680987
49,-44.5,False,-45.5,False,4807,4806,-2.4335459243087243,-0.13913731508946217
49,-44.5,False,-45.5,True,4807,4904,-151.75024216151772,-0.00013711542081812188
49,-43.5,False,-44.5,False,4808,4807,-2.418869882432091,-0.14821253773909424
49,-43.5,False,-44.5,True,4808,4905,-153.85852440947332,-0.00017209569121462084
49,-42.5,False,-43.5,False,4809,4808,-2.404786248513858,-0.1555796544242958
49,-42.5,False,-43.5,True,4809,4906,-155.93804698163405,-0.00020785782027394977
49,-41.5,False,-42.5,False,4810,4809,-2.391256208743279,-0.1615383605415705
49,-41.5,False,-42.5,True,4810,4907,-157.98995588010598,-0.00024417321127495584
49,-40.5,False,-41.5,False,4811,4810,-2.3782444189137664,-0.1663026224630027
49,-40.5,False,-41.5,True,4811,4908,-160.01532294897777,-0.0002808369161533379
49,-39.5,False,-40.5,False,4812,4811,-2.365718615557796,-0.17003260632648662
49,-39.5,False,-40.5,True,4812,4909,-162.0151524246641,-0.0003176673679735383
49,-38.5,False,-39.5,False,4813,4812,-2.3536492790593755,-0.17285265788135984
49,-38.5,False,-39.5,True,4813,4910,-163.99038676049608,-0.00035450444606821286
49,-37.5,False,-38.5,False,4814,4813,-2.342009340727742,-0.1748621543329244
49,-37.5,False,-38.5,True,4814,4911,-165.941911821498,-0.000391207191075564
49,-36.5,False,-37.5,False,4815,4814,-2.3307739272087957,-0.17614241923603433
49,-36.5,False,-37.5,True,4815,4912,-167.8705615306493,-0.000427651586052148
49,-35.5,False,-36.5,False,4816,4815,-2.319920136737572,-0.17676132557130342
49,-35.5,False,-36.5,True,4816,4913,-169.77712203581046,-0.0004637285334072771
49,-34.5,False,-35.5,False,4817,4816,-2.309426842646829,-0.17677647224291218
49,-34.5,False,-35.5,True,4817,4914,-171.66233545640966,-0.0004993420570458526
49,-33.5,False,-34.5,False,4818,4817,-2.2992745202923146,-0.17623744335292638
49,-33.5,False,-34.5,True,4818,4915,-173.52690326056356,-0.0005344077226432016
49,-32.5,False,-33.5,False,4819,4818,-2.28944509416754,-0.17518745698564
49,-32.5,False,-33.5,True,4819,4916,-175.3714893162382,-0.0005688512564273978
49,-31.5,False,-32.5,False,4820,4819,-2.2799218024811267,-0.17366459547052315
49,-31.5,False,-32.5,True,4820,4917,-177.19672265410165,-0.0006026073396958017
49,-30.5,False,-31.5,False,4821,4820,-2.2706890768879973,-0.17170274130153454
49,-30.5,False,-31.5,True,4821,4918,-179.00319997468557,-0.0006356185568724466
49,-29.5,False,-30.5,False,4822,4821,-2.261732435410295,-0.16933230137419758
49,-29.5,False,-30.5,True,4822,4919,-180.79148792819865,-0.0006678344768728169
49,-28.5,False,-29.5,False,4823,4822,-2.2530383868713955,-0.16658077596490525
49,-28.5,False,-29.5,True,4823,4920,-182.56212519169512,-0.0006992108498943894
49,-27.5,False,-28.5,False,4824,4823,-2.2445943454087214,-0.16347321183208433
49,-27.5,False,-28.5,True,4824,4921,-184.31562436519002,-0.0007297089040722426
49,-26.5,False,-27.5,False,4825,4824,-2.2363885538318726,-0.1600325674716773
49,-26.5,False,-27.5,True,4825,4922,-186.05247370564538,-0.0007592947285706323
49,-25.5,False,-26.5,False,4826,4825,-2.228410014765288,-0.15628001083878118
49,-25.5,False,-26.5,True,4826,4923,-187.77313871545735,-0.0007879387315604121
49,-24.5,False,-25.5,False,4827,4826,-2.2206484286571637,-0.15223516449029562
49,-24.5,False,-25.5,True,4827,4924,-189.47806360009457,-0.0008156151631707857
49,-23.5,False,-24.5,False,4828,4827,-2.2130941378603097,-0.14791630932019426
49,-23.5,False,-24.5,True,4828,4925,-191.16767260782683,-0.0008423016949048376
49,-22.5,False,-23.5,False,4829,4828,-2.205738076094022,-0.14334055534400567
49,-22.5,False,-23.5,True,4829,4926,-192.84237126299593,-0.0008679790482122485
49,-21.5,False,-22.5,False,4830,4829,-2.198571722685898,-0.13852398601198
49,-21.5,False,-22.5,True,4830,4927,-194.50254750299064,-0.000892630665933177
49,-20.5,False,-21.5,False,4831,4830,-2.191587061067736,-0.1334817810712618
49,-20.5,False,-21.5,True,4831,4928,-196.14857272795908,-0.0009162424212039942
49,-19.5,False,-20.5,False,4832,4831,-2.184776541066526,-0.12822832190723282
49,-19.5,False,-20.5,True,4832,4929,-197.78080277130812,-0.0009388023591548067
49,-18.5,False,-19.5,False,4833,4832,-2.1781330445867297,-0.12277728247042072
49,-18.5,False,-19.5,True,4833,4930,-199.39957879817615,-0.0009603004673648687
49,-17.5,False,-18.5,False,4834,4833,-2.1716498543291465,-0.11714170826640449
49,-17.5,False,-18.5,True,4834,4931,-201.0052281383068,-0.0009807284715844528
49,-16.5,False,-17.5,False,4835,4834,-2.1653206252341164,-0.11133408540127139
49,-16.5,False,-17.5,True,4835,4932,-202.59806505908483,-0.001000079653690397
49,-15.5,False,-16.5,False,4836,4835,-2.159139358372755,-0.10536640129802073
49,-15.5,False,-16.5,True,4836,4933,-204.1783914839065,-0.0010183486892449084
49,-14.5,False,-15.5,False,4837,4836,-2.1531003770420796,-0.09925019840355442
49,-14.5,False,-15.5,True,4837,4934,-205.7464976605361,-0.0010355315023640814
49,-13.5,False,-14.5,False,4838,4837,-2.1471983048477625,-0.09299662197218353
49,-13.5,False,-14.5,True,4838,4935,-207.30266278364076,-0.0010516251358944496
49,-12.5,False,-13.5,False,4839,4838,-2.1414280455815344,-0.0866164628256264
49,-12.5,False,-13.5,True,4839,4936,-208.84715557528483,-0.0010666276351524752
49,-11.5,False,-12.5,False,4840,4839,-2.1357847647225157,-0.08012019584059174
49,-11.5,False,-12.5,True,4840,4937,-210.38023482680364,-0.0010805379436933805
49,-10.5,False,-11.5,False,4841,4840,-2.1302638724100262,-0.07351801479513696
49,-10.5,False,-11.5,True,4841,4938,-211.90214990515096,-0.0010933558097714555
49,-9.5,False,-10.5,False,4842,4841,-2.124861007750752,-0.06681986410800105
49,-9.5,False,-10.5,True,4842,4939,-213.41314122652653,-0.0011050817023079806
49,-8.5,False,-9.5,False,4843,4842,-2.1195720243393623,-0.06003546792627032
49,-8.5,False,-9.5,True,4843,4940,-214.91344069983145,-0.0011157167353341973
49,-7.5,False,-8.5,False,4844,4843,-2.114392976882371,-0.053174356952502055
49,-7.5,False,-8.5,True,4844,4941,-216.40327214226795,-0.0011252625999908284
49,-6.5,False,-7.5,False,4845,4844,-2.1093201088279585,-0.046245893349945354
49,-6.5,False,-7.5,True,4845,4942,-217.8828516691931,-0.0011337215032804382
49,-5.5,False,-6.5,False,4846,4845,-2.104349840912974,-0.0392592940216369
49,-5.5,False,-6.5,True,4846,4943,-219.35238806014877,-0.001141096112856059
49,-4.5,False,-5.5,False,4847,4846,-2.09947876054828,-0.032223652524143526
49,-4.5,False,-5.5,True,4847,4944,-220.81208310282483,-0.0011473895072169973
49,-3.5,False,-4.5,False,4848,4847,-2.094703611970573,-0.025147959848311672
49,-3.5,False,-4.5,True,4848,4945,-222.26213191655845,-0.0011526051307490701
49,-2.5,False,-3.5,False,4849,4848,-2.0900212870961354,-0.01804112427645562
49,-2.5,False,-3.5,True,4849,4946,-223.70272325683996,-0.0011567467531135493
49,-1.5,False,-2.5,False,4850,4849,-2.085428817018254,-0.010911990507206138
49,-1.5,False,-2.5,True,4850,4947,-225.13403980216913,-0.0011598184325416522
49,-0.5,False,-1.5,False,4851,4850,-2.0809233640956535,-0.003769358225106332
49,-0.5,False,-1.5,True,4851,4948,-226.5562584244978,-0.001161824482640786
49,0.5,False,-0.5,False,4852,4851,-2.076502214583286,0.003377999718504763
49,0.5,False,-0.5,True,4852,4949,-227.96955044439153,-0.0011627694423611919
49,1.5,False,0.5,False,4853,4852,-2.0721627717629616,0.010521319354055942
49,1.5,False,0.5,True,4853,4950,-229.37408187195257,-0.0011626580488096599
49,2.5,False,1.5,False,4854,4853,-2.067902549533585,0.017651827716760424
49,2.5,False,1.5,True,4854,4951,-230.77001363446388,-0.0011614952126300312
49,3.5,False,2.5,False,4855,4854,-2.0637191664255994,0.024760724890464048
49,3.5,False,2.5,True,4855,4952,-232.15750179163786,-0.001159285995698616
49,4.5,False,3.5,False,4856,4855,-2.0596103400060315,0.03183916581725386
49,4.5,False,3.5,True,4856,4953,-233.53669773928428,-0.0011560355909114375
49,5.5,False,4.5,False,4857,4856,-2.055573881645671,0.03887824171340264
49,5.5,False,4.5,True,4857,4954,-234.90774840215076,-0.0011517493038586334
49,6.5,False,5.5,False,4858,4857,-2.0516076916196653,0.045868960924866996
49,6.5,False,5.5,True,4858,4955,-236.27079641663087,-0.0011464325362074558
49,7.5,False,6.5,False,4859,4858,-2.047709754517527,0.05280222904492237
49,7.5,False,6.5,True,4859,4956,-237.62598030398283,-0.001140090770627839
49,8.5,False,7.5,False,4860,4859,-2.043878134939604,0.05966882810228476
49,8.5,False,7.5,True,4860,4957,-238.97343463465478,-0.0011327295571147476
49,9.5,False,8.5,False,4861,4860,-2.040110973458667,0.06645939460974565
49,9.5,False,8.5,True,4861,4958,-240.31329018426783,-0.0011243545005734656
49,10.5,False,9.5,False,4862,4861,-2.0364064828282267,0.07316439624030542
49,10.5,False,9.5,True,4862,4959,-241.6456740817695,-0.001114971249546631
49,11.5,False,10.5,False,4863,4862,-2.0327629444194315,0.07977410686922691
49,11.5,False,10.5,True,4863,4960,-242.97070995023194,-0.001104585485974578
49,12.5,False,11.5,False,4864,4863,-2.029178704870759,0.08627857968527694
49,12.5,False,11.5,True,4864,4961,-244.2885180407369,-0.001093202915887994
49,13.5,False,12.5,False,4865,4864,-2.025652172935139,0.09266761803135942
49,13.5,False,12.5,True,4865,4962,-245.5992153597576,-0.0010808292609423022
49,14.5,False,13.5,False,4866,4865,-2.022181816511619,0.09893074358204962
49,14.5,False,13.5,True,4866,4963,-246.90291579041914,-0.0010674702507089081
49,15.5,False,14.5,False,4867,4866,-2.018766159848525,0.105057161401031
49,15.5,False,14.5,True,4867,4964,-248.19973020799404,-0.0010531316156466453
49,16.5,False,15.5,False,4868,4867,-2.015403780906553,0.1110357213422938
49,16.5,False,15.5,True,4868,4965,-249.48976658996395,-0.001037819080679097
49,17.5,False,16.5,False,4869,4868,-2.01209330887076,0.11685487516157321
49,17.5,False,16.5,True,4869,4966,-250.773130120956,-0.001021538359310919
49,18.5,False,17.5,False,4870,4869,-2.008833421802848,0.12250262858415928
49,18.5,False,17.5,True,4870,4967,-252.0499232928444,-0.0010042951482156536
49,19.5,False,18.5,False,4871,4870,-2.005622844422618,0.1279664874257593
49,19.5,False,18.5,True,4871,4968,-253.32024600028464,-0.0009860951222314762
49,20.5,False,19.5,False,4872,4871,-2.0024603460120716,0.13323339667647013
49,20.5,False,19.5,True,4872,4969,-254.58419563193414,-0.0009669439297005204
49,21.5,False,20.5,False,4873,4872,-1.9993447384330523,0.13828967122336533
49,21.5,False,20.5,True,4873,4970,-255.84186715759404,-0.000946847188085197
49,22.5,False,21.5,False,4874,4873,-1.9962748742515828,0.14312091659039053
49,22.5,False,21.5,True,4874,4971,-257.0933532114934,-0.0009258104797911284
49,23.5,False,22.5,False,4875,4874,-1.993249644962475,0.14771193769581217
49,23.5,False,22.5,True,4875,4972,-258.33874417192226,-0.0009038393481195653
49,24.5,False,23.5,False,4876,4875,-1.990267979307589,0.1520466331409328
49,24.5,False,23.5,True,4876,4973,-259.57812823740716,-0.0008809392932610067
49,25.5,False,24.5,False,4877,4876,-1.9873288416816877,0.1561078719127166
49,25.5,False,24.5,True,4877,4974,-260.81159149961115,-0.0008571157682235438
49,26.5,False,25.5,False,4878,4877,-1.9844312306215954,0.15987734855652694
49,26.5,False,25.5,True,4878,4975,-262.03921801312924,-0.0008323741745696875
49,27.5,False,26.5,False,4879,4878,-1.981574177372039,0.16333541178151845
49,27.5,False,26.5,True,4879,4976,-263.2610898623377,-0.0008067198577947753
49,28.5,False,27.5,False,4880,4879,-1.9787567445253558,0.16646085999751106
49,28.5,False,27.5,True,4880,4977,-264.47728722544986,-0.000780158102134073
49,29.5,False,28.5,False,4881,4880,-1.975978024728846,0.16923069529900805
49,29.5,False,28.5,True,4881,4978,-265.6878884359188,-0.0007526941245105644
49,30.5,False,29.5,False,4882,4881,-1.973237139457268,0.1716198246888681
49,30.5,False,29.5,True,4882,4979,-266.8929700413197,-0.0007243330672241039
49,31.5,False,30.5,False,4883,4882,-1.9705332378458138,0.1736006935398479
49,31.5,False,30.5,True,4883,4980,-268.0926068598376,-0.000695079988823559
49,32.5,False,31.5,False,4884,4883,-1.9678654955803268,0.17514283091995864
49,32.5,False,31.5,True,4884,4981,-269.2868720344785,-0.0006649398523509766
49,33.5,False,32.5,False,4885,4884,-1.9652331138416343,0.17621227866548292
49,33.5,False,32.5,True,4885,4982,-270.47583708511524,-0.0006339175097659025
49,34.5,False,33.5,False,4886,4885,-1.9626353183004994,0.1767708647075051
49,34.5,False,33.5,True,4886,4983,-271.6595719584722,-0.0006020176807474257
49,35.5,False,34.5,False,4887,4886,-1.9600713581605191,0.17677526406788283
49,35.5,False,34.5,True,4887,4984,-272.83814507614795,-0.0005692449230822247
49,36.5,False,35.5,False,4888,4887,-1.9575405052468682,0.17617576463593973
49,36.5,False,35.5,True,4888,4985,-274.0116233807701,-0.0005356035901961517
49,37.5,False,36.5,False,4889,4888,-1.955042053137106,0.17491461321641705
49,37.5,False,36.5,True,4889,4986,-275.1800723803689,-0.000501097768548055
49,38.5,False,37.5,False,4890,4889,-1.9525753163329398,0.17292374938221516
49,38.5,False,37.5,True,4890,4987,-276.3435561910537,-0.00046573118251874165
49,39.5,False,38.5,False,4891,4890,-1.9501396294700157,0.17012161962628658
49,39.5,False,38.5,True,4891,4988,-277.5021375780715,-0.0004295070449928931
49,40.5,False,39.5,False,4892,4891,-1.9477343465639194,0.1664085612135314
49,40.5,False,39.5,True,4892,4989,-278.6558779953202,-0.00039242781338134854
49,41.5,False,40.5,False,4893,4892,-1.9453588402904813,0.16165986839524238
49,41.5,False,40.5,True,4893,4990,-279.8048376233894,-0.00035449477275637664
49,42.5,False,41.5,False,4894,4893,-1.9430125012983126,0.1557149121134525
49,42.5,False,41.5,True,4894,4991,-280.94907540619295,-0.0003157072836569476
49,43.5,False,42.5,False,4895,4894,-1.9406947375520929,0.14835911501688534
49,43.5,False,42.5,True,4895,4992,-282.0886490862581,-0.0002760613304457682
49,44.5,False,43.5,False,4896,4895,-1.938404973705218,0.1392919460467075
49,44.5,False,43.5,True,4896,4993,-283.2236152387302,-0.0002355464703220061
49,45.5,False,44.5,False,4897,4896,-1.93614265049942,0.12806460723147917
49,45.5,False,44.5,True,4897,4994,-284.35402930414966,-0.00019413865711931217
49,46.5,False,45.5,False,4898,4897,-1.9339072241912731,0.11394195740260947
49,46.5,False,45.5,True,4898,4995,-285.4799456200551,-0.00015178049699534265
49,47.5,False,46.5,False,4899,4898,-1.9316981660032866,0.09552943618813846
49,47.5,False,46.5,True,4899,4996,-286.6014174514645,-0.00010831230415083893
49,48.5,False,47.5,False,4900,4899,-1.9295149615975902,0.06932749398020546
49,48.5,False,47.5,True,4900,4997,-287.7184970202801,-6.310207942687472e-05
49,-48.5,True,-49.5,False,4901,4802,140.25942482692557,-0.0035853025383863245
49,-47.5,True,-48.5,True,4902,4901,-0.26255488617383094,-0.06939022018079109
49,-47.5,True,-48.5,False,4902,4803,142.4959692410074,0.0032679708700055097
49,-46.5,True,-47.5,True,4903,4902,-0.2792829463585349,-0.0956067093196878
49,-46.5,True,-47.5,False,4903,4804,144.69826496726026,0.002970026483538274
49,-45.5,True,-46.5,True,4904,4903,-0.2952764506315759,-0.11402383968929285
49,-45.5,True,-46.5,False,4904,4805,146.86783912905537,0.002690017263577382
49,-44.5,True,-45.5,True,4905,4904,-0.31058763447649085,-0.12814574533375284
49,-44.5,True,-45.5,False,4905,4806,149.00610860273252,0.0024266451156643924
49,-43.5,True,-44.5,True,4906,4905,-0.32526367635313136,-0.13936902096123205
49,-43.5,True,-44.5,False,4906,4807,151.1143908506881,0.0021787456183955715
49,-42.5,True,-43.5,True,4907,4906,-0.3393473102713642,-0.14842996773436462
49,-42.5,True,-43.5,False,4907,4808,153.19391342284882,0.0019452708518054842
49,-41.5,True,-42.5,True,4908,4907,-0.3528773500419504,-0.15577813081469855
49,-41.5,True,-42.5,False,4908,4809,155.24582232132073,0.001725274834819487
49,-40.5,True,-41.5,True,4909,4908,-0.3658891398714559,-0.16171455759682277
49,-40.5,True,-41.5,False,4909,4810,157.27118939019255,0.0015179011178833204
49,-39.5,True,-40.5,True,4910,4909,-0.3784149432274262,-0.16645419830887828
49,-39.5,True,-40.5,False,4910,4811,159.2710188658789,0.0013223721652874615
49,-38.5,True,-39.5,True,4911,4910,-0.39048427972582544,-0.1701579591408272
49,-38.5,True,-39.5,False,4911,4812,161.24625320171089,0.0011379802311364423
49,-37.5,True,-38.5,True,4912,4911,-0.4021242180574802,-0.17295075573248833
49,-37.5,True,-38.5,False,4912,4813,163.19777826271277,0.0009640794878268994
49,-36.5,True,-37.5,True,4913,4912,-0.4133596315764123,-0.17493241166830767
49,-36.5,True,-37.5,False,4913,4814,165.1264279718641,0.0008000792095635744
49,-35.5,True,-36.5,True,4914,4913,-0.424213422047643,-0.17618460448848405
49,-35.5,True,-36.5,False,4914,4815,167.03298847702524,0.0006454378483982222
49,-34.5,True,-35.5,True,4915,4914,-0.4347067161384075,-0.17677549038357493
49,-34.5,True,-35.5,False,4915,4816,168.9182018976244,0.0004996578683916793
49,-33.5,True,-34.5,True,4916,4915,-0.44485903849289343,-0.17676289621053387
49,-33.5,True,-34.5,False,4916,4817,170.78276970177836,0.0003622812262465205
49,-32.5,True,-33.5,True,4917,4916,-0.454688464617675,-0.17619659020804002
49,-32.5,True,-33.5,False,4917,4818,172.627355757453,0.00023288540525168158
49,-31.5,True,-32.5,True,4918,4917,-0.4642117563040813,-0.17511993940468715
49,-31.5,True,-32.5,False,4918,4819,174.45258909531645,0.00011107992447977756
49,-30.5,True,-31.5,True,4919,4918,-0.4734444818972179,-0.17357114650410554
49,-30.5,True,-31.5,False,4919,4820,176.25906641590035,-3.4967424182109335e-06
49,-29.5,True,-30.5,True,4920,4919,-0.48240112337492747,-0.17158419097002323
49,-29.5,True,-30.5,False,4920,4821,178.04735436941343,-0.00011117989426596029
49,-28.5,True,-29.5,True,4921,4920,-0.4910951719138268,-0.16918955734759072
49,-28.5,True,-29.5,False,4921,4822,179.8179916329099,-0.00021228102224716988
49,-27.5,True,-28.5,True,4922,4921,-0.49953921337649376,-0.1664148075095625
49,-27.5,True,-28.5,False,4922,4823,181.5714908064048,-0.00030708996257970694
49,-26.5,True,-27.5,True,4923,4922,-0.5077450049533354,-0.1632850363970382
49,-26.5,True,-27.5,False,4923,4824,183.3083401468602,-0.0003958768160755836
49,-25.5,True,-26.5,True,4924,4923,-0.5157235440199486,-0.15982323942656604
49,-25.5,True,-26.5,False,4924,4825,185.0290051566721,-0.0004788936637697138
49,-24.5,True,-25.5,True,4925,4924,-0.5234851301280372,-0.15605061197930165
49,-24.5,True,-25.5,False,4925,4826,186.73393004130935,-0.0005563761036795951
49,-23.5,True,-24.5,True,4926,4925,-0.5310394209249125,-0.1519867960056192
49,-23.5,True,-24.5,False,4926,4827,188.4235390490416,-0.0006285446302773563
49,-22.5,True,-23.5,True,4927,4926,-0.5383954826912003,-0.14765008497696905
49,-22.5,True,-23.5,False,4927,4828,190.0982377042107,-0.0006956058753146587
49,-21.5,True,-22.5,True,4928,4927,-0.5455618360992958,-0.14305759568822513
49,-21.5,True,-22.5,False,4928,4829,191.75841394420544,-0.0007577537261411552
49,-20.5,True,-21.5,True,4929,4928,-0.5525464977174863,-0.1382254134265525
49,-20.5,True,-21.5,False,4929,4830,193.40443916917386,-0.0008151703355379125
49,-19.5,True,-20.5,True,4930,4929,-0.5593570177186962,-0.13316871555602605
49,-19.5,True,-20.5,False,4930,4831,195.0366692125229,-0.0008680270352642855
49,-18.5,True,-19.5,True,4931,4930,-0.5660005141984925,-0.1279018774712364
49,-18.5,True,-19.5,False,4931,4832,196.65544523939093,-0.0009164851639710096
49,-17.5,True,-18.5,True,4932,4931,-0.5724837044560758,-0.12243856404482473
49,-17.5,True,-18.5,False,4932,4833,198.26109457952157,-0.0009606968187950725
49,-16.5,True,-17.5,True,4933,4932,-0.5788129335511059,-0.1167918090614038
49,-16.5,True,-17.5,False,4933,4834,199.8539315002996,-0.001000805538802877
49,-15.5,True,-16.5,True,4934,4933,-0.5849942004124671,-0.1109740846426687
49,-15.5,True,-16.5,False,4934,4835,201.43425792512127,-0.0010369469274623974
49,-14.5,True,-15.5,True,4935,4934,-0.5910331817431143,-0.10499736228913947
49,-14.5,True,-15.5,False,4935,4836,203.0023641017509,-0.0010692492204632824
49,-13.5,True,-14.5,True,4936,4935,-0.5969352539374597,-0.09887316686645845
49,-13.5,True,-14.5,False,4936,4837,204.55852922485553,-0.0010978338044633311
49,-12.5,True,-13.5,True,4937,4936,-0.6027055132036878,-0.0926126246290449
49,-12.5,True,-13.5,False,4937,4838,206.1030220164996,-0.0011228156916957008
49,-11.5,True,-12.5,True,4938,4937,-0.6083487940627066,-0.0862265061867975
49,-11.5,True,-12.5,False,4938,4839,207.63610126801842,-0.0011443039548035487
49,-10.5,True,-11.5,True,4939,4938,-0.613869686375196,-0.07972526517072409
49,-10.5,True,-11.5,False,4939,4840,209.15801634636574,-0.0011624021257851513
49,-9.5,True,-10.5,True,4940,4939,-0.6192725510344417,-0.07311907323270668
49,-9.5,True,-10.5,False,4940,4841,210.66900766774134,-0.0011772085624954505
49,-8.5,True,-9.5,True,4941,4940,-0.6245615344458599,-0.06641785191698406
49,-8.5,True,-9.5,False,4941,4842,212.16930714104623,-0.0011888167857799794
49,-7.5,True,-8.5,True,4942,4941,-0.6297405819028512,-0.05963130186157278
49,-7.5,True,-8.5,False,4942,4843,213.65913858348273,-0.001197315789981488
49,-6.5,True,-7.5,True,4943,4942,-0.6348134499572637,-0.0527689297231766
49,-6.5,True,-7.5,False,4943,4844,215.13871811040786,-0.0012027903292729837
49,-5.5,True,-6.5,True,4944,4943,-0.6397837178722483,-0.045840073166286285
49,-5.5,True,-6.5,False,4944,4845,216.60825450136355,-0.0012053211820093421
49,-4.5,True,-5.5,True,4945,4944,-0.6446547982369424,-0.038853924214002425
49,-4.5,True,-5.5,False,4945,4846,218.0679495440396,-0.0012049853950692135
49,-3.5,True,-4.5,True,4946,4945,-0.649429946814621,-0.0318195512228512
49,-3.5,True,-4.5,False,4946,4847,219.51799835777325,-0.0012018565099520503
49,-2.5,True,-3.5,True,4947,4946,-0.6541122716890868,-0.024745919715233773
49,-2.5,True,-3.5,False,4947,4848,220.95858969805474,-0.0011960047722227789
49,-1.5,True,-2.5,True,4948,4947,-0.658704741766968,-0.017641912280030373
49,-1.5,True,-2.5,False,4948,4849,222.3899062433839,-0.0011874973257355334
49,-0.5,True,-1.5,True,4949,4948,-0.6632101946895688,-0.010516347733522034
49,-0.5,True,-1.5,False,4949,4850,223.81212486571258,-0.0011763983929290733
49,0.5,True,-0.5,True,4950,4949,-0.6676313442019364,-0.003377999718504568
49,0.5,True,-0.5,False,4950,4851,225.2254168856063,-0.0011627694423611884
49,1.5,True,0.5,True,4951,4950,-0.6719707870222607,0.003764385091178999
49,1.5,True,0.5,False,4951,4852,226.62994831316735,-0.0011466693445382568
49,2.5,True,1.5,True,4952,4951,-0.6762310092516088,0.010902069020850306
49,2.5,True,1.5,False,4952,4853,228.02588007567869,-0.0011281545169963265
49,3.5,True,2.5,True,4953,4952,-0.6804143923596229,0.01802630550447554
49,3.5,True,2.5,False,4953,4854,229.41336823285263,-0.0011072790595005886
49,4.5,True,3.5,True,4954,4953,-0.6845232187791908,0.025128321119380646
49,4.5,True,3.5,False,4954,4855,230.79256418049906,-0.0010840948801523094
49,5.5,True,4.5,True,4955,4954,-0.6885596771395512,0.03219929739080772
49,5.5,True,4.5,False,4955,4856,232.16361484336554,-0.001058651813116973
49,6.5,True,5.5,True,4956,4955,-0.692525867165557,0.0392303522066131
49,6.5,True,5.5,False,4956,4857,233.52666285784565,-0.0010309977286281772
49,7.5,True,6.5,True,4957,4956,-0.6964238042676811,0.04621252067512288
49,7.5,True,6.5,False,4957,4858,234.88184674519763,-0.0010011786358586972
49,8.5,True,7.5,True,4958,4957,-0.7002554238456042,0.053136735248576865
49,8.5,True,7.5,False,4958,4859,236.22930107586956,-0.0009692387792023047
49,9.5,True,8.5,True,4959,4958,-0.7040225853265554,0.05999380492041293
49,9.5,True,8.5,False,4959,4860,237.5691566254826,-0.0009352207284605699
49,10.5,True,9.5,True,4960,4959,-0.7077270759570098,0.06677439328637741
49,10.5,True,9.5,False,4960,4861,238.90154052298425,-0.0008991654633865655
49,11.5,True,10.5,True,4961,4960,-0.7113706143657765,0.07346899523645155
49,11.5,True,10.5,False,4961,4862,240.2265763914467,-0.0008611124530011438
49,12.5,True,11.5,True,4962,4961,-0.7149548539144348,0.08006791201608013
49,12.5,True,11.5,False,4962,4863,241.5443844819517,-0.000821099730059264
49,13.5,True,12.5,True,4963,4962,-0.7184813858500831,0.0865612243600898
49,13.5,True,12.5,False,4963,4864,242.85508180097239,-0.0007791639610160701
49,14.5,True,13.5,True,4964,4963,-0.7219517422736175,0.09293876335968095
49,14.5,True,13.5,False,4964,4865,244.1587822316339,-0.0007353405118107674
49,15.5,True,14.5,True,4965,4964,-0.7253673989366689,0.09919007867025209
49,15.5,True,14.5,False,4965,4866,245.45559664920887,-0.0006896635097632263
49,16.5,True,15.5,True,4966,4965,-0.7287297778786836,0.10530440360338142
49,16.5,True,15.5,False,4966,4867,246.7456330311787,-0.0006421659018516281
49,17.5,True,16.5,True,4967,4966,-0.732040249914462,0.11127061656724063
49,17.5,True,16.5,False,4967,4868,248.0289965621708,-0.0005928795096215052
49,18.5,True,17.5,True,4968,4967,-0.7353001369823744,0.11707719822243143
49,18.5,True,17.5,False,4968,4869,249.30578973405918,-0.0005418350809539838
49,19.5,True,18.5,True,4969,4968,-0.738510714362576,0.12271218360001473
49,19.5,True,18.5,False,4969,4870,250.57611244149945,-0.0004890623389045721
49,20.5,True,19.5,True,4970,4969,-0.7416732127731507,0.1281631082791973
49,20.5,True,19.5,False,4970,4871,251.8400620731489,-0.00043459002780807425
49,21.5,True,20.5,True,4971,4970,-0.7447888203521842,0.13341694753569236
49,21.5,True,20.5,False,4971,4872,253.09773359880882,-0.0003784459568296705
49,22.5,True,21.5,True,4972,4971,-0.7478586845336395,0.13846004713744028
49,22.5,True,21.5,False,4972,4873,254.3492196527082,-0.00032065704112762546
49,23.5,True,22.5,True,4973,4972,-0.7508839138227188,0.1432780441678324
49,23.5,True,22.5,False,4973,4874,255.5946106131371,-0.0002612493407830559
49,24.5,True,23.5,True,4974,4973,-0.7538655794776616,0.1478557758784764
49,24.5,True,23.5,False,4974,4875,256.8339946786219,-0.00020024809763922614
49,25.5,True,24.5,True,4975,4974,-0.756804717103492,0.15217717408744155
49,25.5,True,24.5,False,4975,4876,258.067457940826,-0.00013767777018255562
49,26.5,True,25.5,True,4976,4975,-0.7597023281636268,0.15622514200840934
49,26.5,True,25.5,False,4976,4877,259.2950844543441,-7.356206658643619e-05
49,27.5,True,26.5,True,4977,4976,-0.7625593814131832,0.15998140957042772
49,27.5,True,26.5,False,4977,4878,260.51695630355243,-7.923976035348116e-06
49,28.5,True,27.5,True,4978,4977,-0.7653768142598665,0.16342636219525677
49,28.5,True,27.5,False,4978,4879,261.73315366666463,5.921420156823942e-05
49,29.5,True,28.5,True,4979,4978,-0.7681555340563762,0.16653883653681997
49,29.5,True,28.5,False,4979,4880,262.94375487713364,0.00012783082741481025
49,30.5,True,29.5,True,4980,4979,-0.7708964193279542,0.16929587470579022
49,30.5,True,29.5,False,4980,4881,264.14883648253453,0.00019790489702430056
49,31.5,True,30.5,True,4981,4980,-0.7736003209394084,0.17167242578146452
49,31.5,True,30.5,False,4981,4882,265.34847330105237,0.000269416014823893
49,32.5,True,31.5,True,4982,4981,-0.7762680632048955,0.17364097962193484
49,32.5,True,31.5,False,4982,4883,266.5427384756933,0.00034234436998795457
49,33.5,True,32.5,True,4983,4982,-0.7789004449435453,0.17517111261570767
49,33.5,True,32.5,False,4983,4884,267.7317035263301,0.0004166707134643729
49,34.5,True,33.5,True,4984,4983,-0.7814982404847512,0.17622891728212325
49,34.5,True,33.5,False,4984,4885,268.91543839968693,0.0004923763361217421
49,35.5,True,34.5,True,4985,4984,-0.7840622006247031,0.17677627625912018
49,35.5,True,34.5,False,4985,4886,270.09401151736273,0.0005694430479490318
49,36.5,True,35.5,True,4986,4985,-0.7865930535383114,0.1767699241406136
49,36.5,True,35.5,False,4986,4887,271.26748982198495,0.0006478531582502134
49,37.5,True,36.5,True,4987,4986,-0.7890915056481163,0.1761602143419276
49,37.5,True,36.5,False,4987,4888,272.4359388215837,0.0007275894567779172
49,38.5,True,37.5,True,4988,4987,-0.7915582424522825,0.17488946658360616
49,38.5,True,37.5,False,4988,4889,273.59942263226856,0.0008086351957504141
49,39.5,True,38.5,True,4989,4988,-0.7939939293152065,0.1728897026796558
49,39.5,True,38.5,False,4989,4890,274.75800401928626,0.0008909740727074029
49,40.5,True,39.5,True,4990,4989,-0.7963992122213028,0.17007946336550375
49,40.5,True,39.5,False,4990,4891,275.91174443653495,0.0009745902141544339
49,41.5,True,40.5,True,4991,4990,-0.7987747184947409,0.16635919596190754
49,41.5,True,40.5,False,4991,4892,277.0607040646041,0.0010594681599548155
49,42.5,True,41.5,True,4992,4991,-0.8011210574869096,0.16160432621631426
49,42.5,True,41.5,False,4992,4893,278.2049418474077,0.0011455928484295226
49,43.5,True,42.5,True,4993,4992,-0.8034388212331294,0.15565438668021916
49,43.5,True,42.5,False,4993,4894,279.34451552747294,0.001232949602124003
49,44.5,True,43.5,True,4994,4993,-0.8057285850800042,0.14829500583144528
49,44.5,True,43.5,False,4994,4895,280.479481679945,0.0013215241142096137
49,45.5,True,44.5,True,4995,4994,-0.8079909082857881,0.13922592723651628
49,45.5,True,44.5,False,4995,4896,281.60989574536444,0.001411302435485631
49,46.5,True,45.5,True,4996,4995,-0.8102263345939207,0.12799874326377855
49,46.5,True,45.5,False,4996,4897,282.73581206126994,0.0015022709619472705
49,47.5,True,46.5,True,4997,4996,-0.8124353927819641,0.11387892064978387
49,47.5,True,46.5,False,4997,4898,283.8572838926792,0.001594416422895148
49,48.5,True,47.5,True,4998,4997,-0.8146185971876321,0.09547299375978191
49,48.5,True,47.5,False,4998,4899,284.9743634614949,0.0016877258695559077
49,49.5,True,48.5,True,4999,4998,-0.8167764482112716,0.06928401296683034
49,49.5,True,48.5,False,4999,4900,286.0871019748812,0.0017821866641865203
50,-49.5,False,-50.5,False,5001,5000,-2.510985438276741,0.06855537835144213
50,-48.5,False,-49.5,False,5002,5001,-2.4929134482835167,-0.09452883129537967
50,-48.5,False,-49.5,True,5002,5101,-143.78520985150686,-3.628308060779705e-05
50,-47.5,False,-48.5,False,5003,5002,-2.4756753766904467,-0.11282579596510178
50,-47.5,False,-48.5,True,5003,5102,-146.00966511769565,-6.59224212135413e-05
50,-46.5,False,-47.5,False,5004,5003,-2.4592089964092168,-0.12689920558010548
50,-46.5,False,-47.5,True,5004,5103,-148.20041593201006,-9.704414776437876e-05
50,-45.5,False,-46.5,False,5005,5004,-2.443458393352614,-0.1381239672327582
50,-45.5,False,-46.5,True,5005,5104,-150.3589497629867,-0.00012958723690440646
50,-44.5,False,-45.5,False,5006,5005,-2.4283731661024675,-0.14722432746798164
50,-44.5,False,-45.5,True,5006,5105,-152.48664776365658,-0.0001632971197502784
50,-43.5,False,-44.5,False,5007,5006,-2.4139077462002234,-0.15464212124036664
50,-43.5,False,-44.5,True,5007,5106,-154.58479511717402,-0.0001979112177309474
50,-42.5,False,-43.5,False,5008,5007,-2.4000208181463734,-0.16067301653371935
50,-42.5,False,-43.5,True,5008,5107,-156.6545901227354,-0.00023318827163710236
50,-41.5,False,-42.5,False,5009,5008,-2.386674822270699,-0.1655279808819618
50,-41.5,False,-42.5,True,5009,5108,-158.69715220436728,-0.000268913085596359
50,-40.5,False,-41.5,False,5010,5009,-2.373835526832565,-0.16936484166657098
50,-40.5,False,-41.5,True,5010,5109,-160.71352899468533,-0.0003048956134436696
50,-39.5,False,-40.5,False,5011,5010,-2.3614716582381305,-0.1723060546760653
50,-39.5,False,-40.5,True,5011,5110,-162.7047026209708,-0.00034096862942998186
50,-38.5,False,-39.5,False,5012,5011,-2.3495545802703717,-0.17444942617331027
50,-38.5,False,-39.5,True,5012,5111,-164.67159530069407,-0.0003769851703988312
50,-37.5,False,-38.5,False,5013,5012,-2.3380580148341608,-0.1758749436687727
50,-37.5,False,-38.5,True,5013,5112,-166.6150743370134,-0.0004128161141389422
50,-36.5,False,-37.5,False,5014,5013,-2.32695779801206,-0.17664932205496248
50,-36.5,False,-37.5,True,5014,5113,-168.53595659107438,-0.00044834799926115915
50,-35.5,False,-36.5,False,5015,5014,-2.316231666272593,-0.17682914015746914
50,-35.5,False,-36.5,True,5015,5114,-170.43501249657385,-0.00048348110258252664
50,-34.5,False,-35.5,False,5016,5015,-2.3058590685231053,-0.17646307113078422
50,-34.5,False,-35.5,True,5016,5115,-172.3129696725843,-0.0005181277586819268
50,-33.5,False,-34.5,False,5017,5016,-2.2958210003931327,-0.17559350982323674
50,-33.5,False,-34.5,True,5017,5116,-174.17051618271535,-0.0005522108964573943
50,-32.5,False,-33.5,False,5018,5017,-2.286099857707619,-0.17425778679589043
50,-32.5,False,-33.5,True,5018,5117,-176.00830348203087,-0.0005856627659720196
50,-31.5,False,-32.5,False,5019,5018,-2.2766793065762982,-0.17248909167987153
50,-31.5,False,-32.5,True,5019,5118,-177.82694908752958,-0.0006184238304636176
50,-30.5,False,-31.5,False,5020,5019,-2.26754416791794,-0.17031718752884453
50,-30.5,False,-31.5,True,5020,5119,-179.62703900323856,-0.0006504418010557228
50,-29.5,False,-30.5,False,5021,5020,-2.258680314561502,-0.16776897189805604
50,-29.5,False,-30.5,True,5021,5120,-181.40912992693285,-0.0006816707945426381
50,-28.5,False,-29.5,False,5022,5021,-2.250074579336257,-0.16486892354079805
50,-28.5,False,-29.5,True,5022,5121,-183.17375126204536,-0.0007120705973160372
50,-27.5,False,-28.5,False,5023,5022,-2.2417146727906996,-0.16163946240315932
50,-27.5,False,-28.5,True,5023,5122,-184.92140695538708,-0.00074160602090051
50,-26.5,False,-27.5,False,5024,5023,-2.233589109369973,-0.15810124297145117
50,-26.5,False,-27.5,True,5024,5123,-186.65257717876256,-0.0007702463366632211
50,-25.5,False,-26.5,False,5025,5024,-2.225687141043423,-0.15427339573557375
50,-25.5,False,-26.5,True,5025,5124,-188.36771987039072,-0.0007979647790626128
50,-24.5,False,-25.5,False,5026,5025,-2.2179986975090245,-0.15017372779523058
50,-24.5,False,-25.5,True,5026,5125,-190.06727215015798,-0.0008247381083398171
50,-23.5,False,-24.5,False,5027,5026,-2.2105143322191623,-0.14581889095477707
50,-23.5,False,-24.5,True,5027,5126,-191.7516516211009,-0.000850546224860756
50,-22.5,False,-23.5,False,5028,5027,-2.2032251735681854,-0.1412245237002368
50,-22.5,False,-23.5,True,5028,5127,-193.42125756810304,-0.0008753718284253921
50,-21.5,False,-22.5,False,5029,5028,-2.196122880669691,-0.13640537201133804
50,-21.5,False,-22.5,True,5029,5128,-195.0764720635557,-0.0008992001168035827
50,-20.5,False,-21.5,False,5030,5029,-2.1891996032210557,-0.13137539288512937
50,-20.5,False,-21.5,True,5030,5129,-196.71766098866124,-0.0009220185185552321
50,-19.5,False,-20.5,False,5031,5030,-2.182447945016605,-0.1261478436344986
50,-19.5,False,-20.5,True,5031,5130,-198.3451749781137,-0.0009438164558705989
50,-18.5,False,-19.5,False,5032,5031,-2.1758609307238714,-0.12073535940402075
50,-18.5,False,-19.5,True,5032,5131,-199.95935029506896,-0.0009645851337485418
50,-17.5,False,-18.5,False,5033,5032,-2.1694319755830236,-0.11515002086688526
50,-17.5,False,-18.5,True,5033,5132,-201.56050964259063,-0.000984317352320731
50,-16.5,False,-17.5,False,5034,5033,-2.1631548577308877,-0.10940341369432907
50,-16.5,False,-17.5,True,5034,5133,-203.14896291711932,-0.0010030073395563886
50,-15.5,False,-16.5,False,5035,5034,-2.1570236928850477,-0.10350668109699712
50,-15.5,False,-16.5,True,5035,5134,-204.72500790895006,-0.0010206506019388105
50,-14.5,False,-15.5,False,5036,5035,-2.1510329111527255,-0.09747057050686676
50,-14.5,False,-15.5,True,5036,5135,-206.2889309542026,-0.0010372437910189393
50,-13.5,False,-14.5,False,5037,5036,-2.145177235758723,-0.09130547528469732
50,-13.5,False,-14.5,True,5037,5136,-207.84100754232884,-0.0010527845840182352
50,-12.5,False,-13.5,False,5038,5037,-2.1394516635057954,-0.08502147219084931
50,-12.5,False,-13.5,True,5038,5137,-209.38150288280815,-0.0010672715768780523
50,-11.5,False,-12.5,False,5039,5038,-2.1338514468038596,-0.078628355238756
50,-11.5,False,-12.5,True,5039,5138,-210.91067243433258,-0.0010807041883597404
50,-10.5,False,-11.5,False,5040,5039,-2.1283720771216963,-0.07213566645433146
50,-10.5,False,-11.5,True,5040,5139,-212.4287623994729,-0.0010930825739628653
50,-9.5,False,-10.5,False,5041,5040,-2.123009269729124,-0.06555272398648243
50,-9.5,False,-10.5,True,5041,5140,-213.9360101875385,-0.0011044075485830153
50,-8.5,False,-9.5,False,5042,5041,-2.11775894961292,-0.05888864795009269
50,-8.5,False,-9.5,True,5042,5141,-215.43264484809532,-0.001114680516959392
50,-7.5,False,-8.5,False,5043,5042,-2.112617238461141,-0.05215238433062327
50,-7.5,False,-8.5,True,5043,5142,-216.9188874773842,-0.0011239034110724234
50,-6.5,False,-7.5,False,5044,5043,-2.107580442621483,-0.045352727236621725
50,-6.5,False,-7.5,True,5044,5143,-218.39495159968158,-0.0011320786337517472
50,-5.5,False,-6.5,False,5045,5044,-2.102645041948051,-0.03849833975127757
50,-5.5,False,-6.5,True,5045,5144,-219.8610435254659,-0.001139209007840112
50,-4.5,False,-5.5,False,5046,5045,-2.09780767946134,-0.03159777360539099
50,-4.5,False,-5.5,True,5046,5145,-221.31736268809007,-0.0011452977303328968
50,-3.5,False,-4.5,False,5047,5046,-2.093065151750821,-0.024659487870644262
50,-3.5,False,-4.5,True,5047,5146,-222.764101960517,-0.0011503483309789602
50,-2.5,False,-3.5,False,5048,5047,-2.088414400058994,-0.01769186685311581
50,-2.5,False,-3.5,True,5048,5147,-224.20144795354162,-0.001154364634885529
50,-1.5,False,-2.5,False,5049,5048,-2.0838525019899663,-0.010703237351854807
50,-1.5,False,-2.5,True,5049,5148,-225.62958129680538,-0.001157350728721172
50,-0.5,False,-1.5,False,5050,5049,-2.079376663791649,-0.0037018854355842976
50,-0.5,False,-1.5,True,5050,5149,-227.04867690380178,-0.0011593109301545044
50,0.5,False,-0.5,False,5051,5050,-2.0749842131651803,0.003303927118168726
50,0.5,False,-0.5,True,5051,5150,-228.45890422197337,-0.0011602497602052756
50,1.5,False,0.5,False,5052,5051,-2.0706725925594753,0.010305946583296623
50,1.5,False,0.5,True,5052,5151,-229.8604274689128,-0.0011601719182201815
50,2.5,False,1.5,False,5053,5052,-2.066439352912994,0.01729591111001857
50,2.5,False,1.5,True,5053,5152,-231.25340585560005,-0.0011590822592150473
50,3.5,False,2.5,False,5054,5053,-2.062282147807622,0.02426553448095881
50,3.5,False,2.5,True,5054,5153,-232.63799379753547,-0.0011569857733525442
50,4.5,False,3.5,False,5055,5054,-2.0581987280026652,0.03120648966365714
50,4.5,False,3.5,True,5055,5154,-234.01434111456052,-0.0011538875673480164
50,5.5,False,4.5,False,5056,5055,-2.0541869363211447,0.03811039202115389
50,5.5,False,4.5,True,5056,5155,-235.38259322009912,-0.0011497928476182678
50,6.5,False,5.5,False,5057,5056,-2.0502447028605673,0.04496878203614445
50,6.5,False,5.5,True,5057,5156,-236.74289130049561,-0.0011447069050056124
50,7.5,False,6.5,False,5058,5057,-2.0463700405050673,0.05177310739534451
50,7.5,False,6.5,True,5058,5157,-238.09537248507604,-0.0011386351009265167
50,8.5,False,7.5,False,5059,5058,-2.042561040716265,0.058514704268874417
50,8.5,False,7.5,True,5059,5158,-239.44017000751217,-0.0011315828548100822
50,9.5,False,8.5,False,5060,5059,-2.038815869582919,0.06518477760425981
50,9.5,False,8.5,True,5060,5159,-240.77741335902613,-0.0011235556327020943
50,10.5,False,9.5,False,5061,5060,-2.035132764110415,0.07177438023558594
50,10.5,False,9.5,True,5061,5160,-242.10722843393424,-0.001114558936925926
50,11.5,False,10.5,False,5062,5061,-2.0315100287334644,0.07827439058474536
50,11.5,False,10.5,True,5062,5161,-243.42973766799287,-0.0011045982966968139
50,12.5,False,11.5,False,5063,5062,-2.0279460320362546,0.08467548870281094
50,12.5,False,11.5,True,5063,5162,-244.7450601699774,-0.0010936792595998054
50,13.5,False,12.5,False,5064,5063,-2.0244392036649685,0.090968130364253
50,13.5,False,12.5,True,5064,5163,-246.05331184689342,-0.0010818073838477005
50,14.5,False,13.5,False,5065,5064,-2.020988031420643,0.0971425188836775
50,14.5,False,13.5,True,5065,5164,-247.3546055231938,-0.0010689882312397586
50,15.5,False,14.5,False,5066,5065,-2.0175910585190877,0.10318857427231014
50,15.5,False,14.5,True,5066,5165,-248.64905105434832,-0.0010552273607532766
50,16.5,False,15.5,False,5067,5066,-2.0142468810070113,0.10909589928739472
50,16.5,False,15.5,True,5067,5166,-249.9367554350892,-0.001040530322699539
50,17.5,False,16.5,False,5068,5067,-2.0109541453237796,0.11485374184924403
50,17.5,False,16.5,True,5068,5167,-251.2178229026348,-0.0010249026533839724
50,18.5,False,17.5,False,5069,5068,-2.0077115459997685,0.1204509532042799
50,18.5,False,17.5,True,5069,5168,-252.4923550351731,-0.001008349870209433
50,19.5,False,18.5,False,5070,5069,-2.004517823481166,0.12587594109340877
50,19.5,False,18.5,True,5070,5169,-253.76045084586883,-0.0009908774671684348
50,20.5,False,19.5,False,5071,5070,-2.001371762074598,0.13111661703736524
50,20.5,False,19.5,True,5071,5170,-255.02220687263937,-0.0009724909106648892
50,21.5,False,20.5,False,5072,5071,-1.998272188002602,0.13616033666630667
50,21.5,False,20.5,True,5072,5171,-256.2777172639313,-0.0009531956356106163
50,22.5,False,21.5,False,5073,5072,-1.9952179675635762,0.14099383178930217
50,22.5,False,21.5,True,5073,5172,-257.5270738607123,-0.0009329970417368529
50,23.5,False,22.5,False,5074,5073,-1.992208005389557,0.14560313260628605
50,23.5,False,22.5,True,5074,5173,-258.7703662748802,-0.0009119004900565315
50,24.5,False,23.5,False,5075,5074,-1.9892412427956856,0.1499734780913835
50,24.5,False,23.5,True,5075,5174,-260.0076819642802,-0.0008899112994056861
50,25.5,False,24.5,False,5076,5075,-1.9863166562156493,0.15408921209618448
50,25.5,False,24.5,True,5076,5175,-261.2391063045064,-0.0008670347429835173
50,26.5,False,25.5,False,5077,5076,-1.9834332557177277,0.15793366209847245
50,26.5,False,25.5,True,5077,5176,-262.46472265765453,-0.0008432760447896189
50,27.5,False,26.5,False,5078,5077,-1.9805900835974342,0.16148899670596312
50,27.5,False,26.5,True,5078,5177,-263.68461243818444,-0.000818640375837036
50,28.5,False,27.5,False,5079,5078,-1.9777862130404742,0.1647360569447274
50,28.5,False,27.5,True,5079,5178,-264.89885517603716,-0.000793132849984878
50,29.5,False,28.5,False,5080,5079,-1.975020746853943,0.16765415491664404
50,29.5,False,28.5,True,5080,5179,-266.10752857714635,-0.0007667585191803575
50,30.5,False,29.5,False,5081,5080,-1.9722928162596816,0.17022083145177785
50,30.5,False,29.5,True,5081,5180,-267.3107085814747,-0.0007395223678352163
50,31.5,False,30.5,False,5082,5081,-1.9696015797477173,0.17241156169215327
50,31.5,False,30.5,True,5082,5181,-268.5084694186969,-0.0007114293059470639
50,32.5,False,31.5,False,5083,5082,-1.966946221986035,0.17419939379572685
50,32.5,False,31.5,True,5083,5182,-269.70088366164543,-0.0006824841604195006
50,33.5,False,32.5,False,5084,5083,-1.964325952782076,0.17555450064260925
50,33.5,False,32.5,True,5084,5183,-270.88802227762835,-0.0006526916637966103
50,34.5,False,33.5,False,5085,5084,-1.9617400060954537,0.17644361677711723
50,34.5,False,33.5,True,5085,5184,-272.0699546777207,-0.0006220564392413626
50,35.5,False,34.5,False,5086,5085,-1.9591876390967968,0.17682932157772274
50,35.5,False,34.5,True,5086,5185,-273.24674876412774,-0.0005905829800022044
50,36.5,False,35.5,False,5087,5086,-1.9566681312708454,0.17666911276023367
50,36.5,False,35.5,True,5087,5186,-274.41847097571014,-0.0005582756206404318
50,37.5,False,36.5,False,5088,5087,-1.954180783562947,0.17591418832493458
50,37.5,False,36.5,True,5088,5187,-275.58518633175873,-0.0005251384956753592
50,38.5,False,37.5,False,5089,5088,-1.9517249175631264,0.1745078139237972
50,38.5,False,37.5,True,5089,5188,-276.7469584740996,-0.0004911754785334409
50,39.5,False,38.5,False,5090,5089,-1.949299874729462,0.1723830854533406
50,39.5,False,38.5,True,5090,5189,-277.9038497076069,-0.0004563900887148159
50,40.5,False,39.5,False,5091,5090,-1.946905015645683,0.1694597829584707
50,40.5,False,39.5,True,5091,5190,-279.05592103919685,-0.00042078534586812935
50,41.5,False,40.5,False,5092,5091,-1.9445397193133545,0.1656398111453532
50,41.5,False,40.5,True,5092,5191,-280.2032322153707,-0.0003843635314296069
50,42.5,False,41.5,False,5093,5092,-1.942203382474986,0.16080034929946166
50,42.5,False,41.5,True,5093,5192,-281.3458417583738,-0.00034712578127435337
50,43.5,False,42.5,False,5094,5093,-1.9398954189677795,0.15478310012515306
50,43.5,False,42.5,True,5094,5193,-282.4838070010313,-0.0003090713505990121
50,44.5,False,43.5,False,5095,5094,-1.937615259105911,0.14737647500971712
50,44.5,False,43.5,True,5095,5194,-283.61718412031985,-0.00027019619515098787
50,45.5,False,44.5,False,5096,5095,-1.9353623490896155,0.13828395531209994
50,45.5,False,44.5,True,5096,5195,-284.74602816973015,-0.00023048998922835297
50,46.5,False,45.5,False,5097,5096,-1.9331361504401343,0.12706248001785128
50,46.5,False,45.5,True,5097,5196,-285.87039311047465,-0.00018992911162608043
50,47.5,False,46.5,False,5098,5097,-1.930936139459277,0.11298589271100322
50,47.5,False,46.5,True,5098,5197,-286.99033184158884,-0.00014845734729422854
50,48.5,False,47.5,False,5099,5098,-1.9287618067114636,0.09467589766239776
50,48.5,False,47.5,True,5099,5198,-288.1058962289744,-0.00010591849992785932
50,49.5,False,48.5,False,5100,5099,-1.9266126565282775,0.0686717602907442
50,49.5,False,48.5,True,5100,5199,-289.2171371334289,-6.16947236085575e-05
50,-49.5,True,-50.5,False,5101,5000,138.7813109649466,-0.0036248647918784398
50,-48.5,True,-49.5,True,5102,5101,-0.25122011050169135,-0.06873728629634036
50,-48.5,True,-49.5,False,5102,5001,141.04107629272167,0.0033065632977216674
50,-47.5,True,-48.5,True,5103,5102,-0.26845818209477557,-0.09475678228978242
50,-47.5,True,-48.5,False,5103,5002,143.26553155891042,0.0030078906519803174
50,-46.5,True,-47.5,True,5104,5103,-0.2849245623759771,-0.11307180720144228
50,-46.5,True,-47.5,False,5104,5003,145.4562823732249,0.00272734321050111
50,-45.5,True,-46.5,True,5105,5104,-0.3006751654326081,-0.1271478584322067
50,-45.5,True,-46.5,False,5105,5004,147.61481620420147,0.002463579966391178
50,-44.5,True,-45.5,True,5106,5105,-0.3157603926827619,-0.13836534154537444
50,-44.5,True,-45.5,False,5106,5005,149.74251420487133,0.0022154006605282794
50,-43.5,True,-44.5,True,5107,5106,-0.3302258125849846,-0.1474516142325565
50,-43.5,True,-44.5,False,5107,5006,151.84066155838883,0.001981727370808004
50,-42.5,True,-43.5,True,5108,5107,-0.3441127406388489,-0.1548505103390246
50,-42.5,True,-43.5,False,5108,5007,153.9104565639502,0.0017615889480171432
50,-41.5,True,-42.5,True,5109,5108,-0.3574587365145021,-0.16085908203674493
50,-41.5,True,-42.5,False,5109,5008,155.95301864558206,0.0015541077946607399
50,-40.5,True,-41.5,True,5110,5109,-0.37029803195267164,-0.16568930295705428
50,-40.5,True,-41.5,False,5110,5009,157.96939543590008,0.0013584885827928308
50,-39.5,True,-40.5,True,5111,5110,-0.3826619005471059,-0.16949975643026036
50,-39.5,True,-40.5,False,5111,5010,159.96056906218556,0.0011740085848991678
50,-38.5,True,-39.5,True,5112,5111,-0.39457897851482926,-0.1724134797849909
50,-38.5,True,-39.5,False,5112,5011,161.92746174190887,0.0010000093532825454
50,-37.5,True,-38.5,True,5113,5112,-0.4060755439510615,-0.17452873436731717
50,-37.5,True,-38.5,False,5113,5012,163.87094077822817,0.0008358895320554378
50,-36.5,True,-37.5,True,5114,5113,-0.4171757607731479,-0.1759258682793044
50,-36.5,True,-37.5,False,5114,5013,165.7918230322892,0.0006810986246343733
50,-35.5,True,-36.5,True,5115,5114,-0.42790189251263655,-0.17667188470509873
50,-35.5,True,-36.5,False,5115,5014,167.6908789377886,0.0005351315707212548
50,-34.5,True,-35.5,True,5116,5115,-0.43827449026210274,-0.17682359437943887
50,-34.5,True,-35.5,False,5116,5015,169.56883611379908,0.00039752401183155593
50,-33.5,True,-34.5,True,5117,5116,-0.4483125583920753,-0.17642985770921027
50,-33.5,True,-34.5,False,5117,5016,171.42638262393012,0.00026784814473519925
50,-32.5,True,-33.5,True,5118,5117,-0.45803370107759633,-0.17553322096921026
50,-32.5,True,-33.5,False,5118,5017,173.26416992324567,0.0001457090787252738
50,-31.5,True,-32.5,True,5119,5118,-0.4674542522089382,-0.1741711370960785
50,-31.5,True,-32.5,False,5119,5018,175.08281552874433,3.0741626159361275e-05
50,-30.5,True,-31.5,True,5120,5119,-0.4765893908672467,-0.17237689432574627
50,-30.5,True,-31.5,False,5120,5019,176.8829054444534,-7.739253315538278e-05
50,-29.5,True,-30.5,True,5121,5120,-0.48545324422372005,-0.17018033471666053
50,-29.5,True,-30.5,False,5121,5020,178.66499636814763,-0.0001790073639780995
50,-28.5,True,-29.5,True,5122,5121,-0.4940589794489938,-0.16760841856172218
50,-28.5,True,-29.5,False,5122,5021,180.42961770326013,-0.0002743947066860447
50,-27.5,True,-28.5,True,5123,5122,-0.5024188859945014,-0.1646856737750891
50,-27.5,True,-28.5,False,5123,5022,182.1772733966019,-0.00036382626366351646
50,-26.5,True,-27.5,True,5124,5123,-0.5105444494152493,-0.16143455807782858
50,-26.5,True,-27.5,False,5124,5023,183.90844361997733,-0.0004475553720361676
50,-25.5,True,-26.5,True,5125,5124,-0.5184464177417851,-0.15787575414341296
50,-25.5,True,-26.5,False,5125,5024,185.62358631160552,-0.0005258185893245278
50,-24.5,True,-25.5,True,5126,5125,-0.5261348612762049,-0.15402841254691105
50,-24.5,True,-25.5,False,5126,5025,187.32313859137273,-0.0005988371148597218
50,-23.5,True,-24.5,True,5127,5126,-0.5336192265660458,-0.14991035360649077
50,-23.5,True,-24.5,False,5127,5026,189.0075180623157,-0.0006668180666497882
50,-22.5,True,-23.5,True,5128,5127,-0.5409083852170369,-0.145538236510832
50,-22.5,True,-23.5,False,5128,5027,190.67712400931782,-0.0007299556307233971
50,-21.5,True,-22.5,True,5129,5128,-0.5480106781155314,-0.14092770216341563
50,-21.5,True,-22.5,False,5129,5028,192.3323385047705,-0.0007884320977044803
50,-20.5,True,-21.5,True,5130,5129,-0.5549339555641382,-0.13609349472613894
50,-20.5,True,-21.5,False,5130,5029,193.97352742987604,-0.0008424187994454278
50,-19.5,True,-20.5,True,5131,5130,-0.561685613768617,-0.13104956576240154
50,-19.5,True,-20.5,False,5131,5030,195.60104141932848,-0.000892076956893508
50,-18.5,True,-19.5,True,5132,5131,-0.5682726280613508,-0.1258091640619508
50,-18.5,True,-19.5,False,5132,5031,197.21521673628374,-0.0009375584489499075
50,-17.5,True,-18.5,True,5133,5132,-0.5747015832021987,-0.12038491360525692
50,-17.5,True,-18.5,False,5133,5032,198.8163760838054,-0.0009790065108687689
50,-16.5,True,-17.5,True,5134,5133,-0.5809787010543062,-0.11478888164366897
50,-16.5,True,-17.5,False,5134,5033,200.40482935833413,-0.001016556369694636
50,-15.5,True,-16.5,True,5135,5134,-0.5871098659001746,-0.1090326384970253
50,-15.5,True,-16.5,False,5135,5034,201.98087435016484,-0.001050335823330389
50,-14.5,True,-15.5,True,5136,5135,-0.5931006476324967,-0.10312731037658625
50,-14.5,True,-15.5,False,5136,5035,203.5447973954174,-0.001080465769050603
50,-13.5,True,-14.5,True,5137,5136,-0.5989563230264991,-0.09708362630892126
50,-13.5,True,-14.5,False,5137,5036,205.09687398354362,-0.0011070606865905986
50,-12.5,True,-13.5,True,5138,5137,-0.6046818952794268,-0.09091196005153261
50,-12.5,True,-13.5,False,5138,5037,206.63736932402293,-0.0011302290803515448
50,-11.5,True,-12.5,True,5139,5138,-0.6102821119813626,-0.08462236774293046
50,-11.5,True,-12.5,False,5139,5038,208.16653887554736,-0.00115007388475091
50,-10.5,True,-11.5,True,5140,5139,-0.615761481663526,-0.07822462191052158
50,-10.5,True,-11.5,False,5140,5039,209.68462884068768,-0.001166692836290856
50,-9.5,True,-10.5,True,5141,5140,-0.6211242890560982,-0.07172824236304055
50,-9.5,True,-10.5,False,5141,5040,211.19187662875328,-0.0011801788155290003
50,-8.5,True,-9.5,True,5142,5141,-0.6263746091722737,-0.06514252441559308
50,-8.5,True,-9.5,False,5142,5041,212.68851128931013,-0.0011906201617880028
50,-7.5,True,-8.5,True,5143,5142,-0.6315163203240814,-0.058476564831146924
50,-7.5,True,-8.5,False,5143,5042,214.17475391859898,-0.0011981009631362256
50,-6.5,True,-7.5,True,5144,5143,-0.6365531161637392,-0.05173928580970573
50,-6.5,True,-7.5,False,5144,5043,215.65081804089635,-0.0012027013239049368
50,-5.5,True,-6.5,True,5145,5144,-0.6414885168371711,-0.04493945731324118
50,-5.5,True,-6.5,False,5145,5044,217.11690996668068,-0.0012044976117731182
50,-4.5,True,-5.5,True,5146,5145,-0.6463258793238822,-0.03808571797904496
50,-4.5,True,-5.5,False,5146,5045,218.57322912930485,-0.00120356268623869
50,-3.5,True,-4.5,True,5147,5146,-0.6510684070343729,-0.03118659484516466
50,-3.5,True,-4.5,False,5147,5046,220.01996840173183,-0.0011999661101152975
50,-2.5,True,-3.5,True,5148,5147,-0.6557191587262281,-0.024250522087927842
50,-2.5,True,-3.5,False,5148,5047,221.4573143947564,-0.0011937743455248374
50,-1.5,True,-2.5,True,5149,5148,-0.660281056795256,-0.017285858952445533
50,-1.5,True,-2.5,False,5149,5048,222.88544773802016,-0.0011850509357151083
50,-0.5,True,-1.5,True,5150,5149,-0.6647568949935732,-0.010300907041726825
50,-0.5,True,-1.5,False,5150,5049,224.30454334501655,-0.0011738566739002319
50,0.5,True,-0.5,True,5151,5150,-0.6691493456200419,-0.0033039271181694372
50,0.5,True,-0.5,False,5151,5050,225.71477066318815,-0.0011602497602052756
50,1.5,True,0.5,True,5152,5151,-0.6734609662257469,0.0036968444376824293
50,1.5,True,0.5,False,5152,5051,227.11629391012758,-0.0011442859476970021
50,2.5,True,1.5,True,5153,5152,-0.6776942058722,0.010693179372389885
50,2.5,True,1.5,False,5153,5052,228.50927229681486,-0.0011260186783871604
50,3.5,True,2.5,True,5154,5153,-0.6818514109776004,0.01767684137378757
50,3.5,True,2.5,False,5154,5053,229.89386023875025,-0.0011054992100147795
50,4.5,True,3.5,True,5155,5154,-0.685934830782557,0.02463956982019842
50,4.5,True,3.5,False,5155,5054,231.2702075557753,-0.0010827767343383667
50,5.5,True,4.5,True,5156,5155,-0.6899466224640776,0.03157306332966655
50,5.5,True,4.5,False,5156,5055,232.6384596613139,-0.001057898487605035
50,6.5,True,5.5,True,5157,5156,-0.693888855924655,0.038468962970612725
50,6.5,True,5.5,False,5157,5056,233.9987577417104,-0.0010309098538014182
50,7.5,True,6.5,True,5158,5157,-0.6977635182801407,0.045318834989227286
50,7.5,True,6.5,False,5158,5057,235.35123892629082,-0.001001854461239377
50,8.5,True,7.5,True,5159,5158,-0.7015725180689429,0.05211415290010359
50,8.5,True,7.5,False,5159,5058,236.69603644872694,-0.0009707742729813509
50,9.5,True,8.5,True,5160,5159,-0.7053176892023032,0.05884627877483685
50,9.5,True,8.5,False,5160,5059,238.0332798002409,-0.0009377096715646867
50,10.5,True,9.5,True,5161,5160,-0.7090007946748216,0.06550644354814104
50,10.5,True,9.5,False,5161,5060,239.363094875149,-0.0009026995384486939
50,11.5,True,10.5,True,5162,5161,-0.7126235300517436,0.07208572614202421
50,11.5,True,10.5,False,5162,5061,240.68560410920767,-0.000865781328567382
50,12.5,True,11.5,True,5163,5162,-0.7161875267489393,0.07857503118501319
50,12.5,True,11.5,False,5163,5062,242.0009266111922,-0.000826991140343644
50,13.5,True,12.5,True,5164,5163,-0.7196943551202537,0.08496506507455445
50,13.5,True,12.5,False,5164,5063,243.3091782881082,-0.0007863637814895295
50,14.5,True,13.5,True,5165,5164,-0.7231455273645793,0.0912463100954644
50,14.5,True,13.5,False,5165,5064,244.6104719644086,-0.0007439328308882897
50,15.5,True,14.5,True,5166,5165,-0.7265425002661203,0.0974089962643068
50,15.5,True,14.5,False,5166,5065,245.9049174955631,-0.0006997306968345209
50,16.5,True,15.5,True,5167,5166,-0.7298866777782109,0.10344307051719781
50,16.5,True,15.5,False,5167,5066,247.19262187630397,-0.0006537886718832361
50,17.5,True,16.5,True,5168,5167,-0.7331794134614427,0.10933816279454667
50,17.5,True,16.5,False,5168,5067,248.47368934384957,-0.0006061369845401062
50,18.5,True,17.5,True,5169,5168,-0.7364220127854395,0.11508354849789963
50,18.5,True,17.5,False,5169,5068,249.7482214763879,-0.0005568048480064668
50,19.5,True,18.5,True,5170,5169,-0.7396157353040564,0.12066810669774945
50,19.5,True,18.5,False,5170,5069,251.0163172870836,-0.0005058205061775549
50,20.5,True,19.5,True,5171,5170,-0.7427617967106386,0.1260802733523014
50,20.5,True,19.5,False,5171,5070,252.27807331385412,-0.00045321127707448897
50,21.5,True,20.5,True,5172,5171,-0.7458613707826203,0.13130798864961832
50,21.5,True,20.5,False,5172,5071,253.5335837051461,-0.0003990035938798489
50,22.5,True,21.5,True,5173,5172,-0.7489155912216461,0.13633863740138707
50,22.5,True,21.5,False,5173,5072,254.78294030192706,-0.00034322304373187487
50,23.5,True,22.5,True,5174,5173,-0.7519255533956652,0.14115898118513132
50,23.5,True,22.5,False,5174,5073,256.02623271609497,-0.00028589440442172687
50,24.5,True,23.5,True,5175,5174,-0.7548923159895082,0.14575508063888265
50,24.5,True,23.5,False,5175,5074,257.26354840549504,-0.0002270416791266536
50,25.5,True,24.5,True,5176,5175,-0.7578169025695587,0.15011220593900362
50,25.5,True,24.5,False,5176,5075,258.49497274572116,-0.00016668812930441498
50,26.5,True,25.5,True,5177,5176,-0.7607003030674946,0.1542147330119484
50,26.5,True,25.5,False,5177,5076,259.7205890988693,-0.00010485630586148507
50,27.5,True,26.5,True,5178,5177,-0.7635434751877881,0.15804602240823026
50,27.5,True,26.5,False,5178,5077,260.9404788793993,-4.156807870478904e-05
50,28.5,True,27.5,True,5179,5178,-0.766347345744748,0.161588276951621
50,28.5,True,27.5,False,5179,5078,262.15472161725194,2.315533522801961e-05
50,29.5,True,28.5,True,5180,5179,-0.7691128119312793,0.16482237319766704
50,29.5,True,28.5,False,5180,5079,263.36339501836113,8.929334536268282e-05
50,30.5,True,29.5,True,5181,5180,-0.7718407425255407,0.1677276602915097
50,30.5,True,29.5,False,5181,5080,264.56657502268956,0.0001568259622260092
50,31.5,True,30.5,True,5182,5181,-0.7745319790375049,0.1702817178582146
50,31.5,True,30.5,False,5182,5081,265.76433585991174,0.0002257337734442196
50,32.5,True,31.5,True,5183,5182,-0.7771873367991873,0.17246006187164736
50,32.5,True,31.5,False,5183,5082,266.95675010286027,0.0002959979209267748
50,33.5,True,32.5,True,5184,5183,-0.7798076060031036,0.17423578370339535
50,33.5,True,32.5,False,5184,5083,268.1438887188432,0.0003676000791715729
50,34.5,True,33.5,True,5185,5184,-0.7823935526897685,0.17557910225086226
50,34.5,True,33.5,False,5185,5084,269.3258211189355,0.0004405224346193581
50,35.5,True,34.5,True,5186,5185,-0.7849459196884538,0.1764568014014566
50,35.5,True,34.5,False,5186,5085,270.50261520534247,0.0005147476660029739
50,36.5,True,35.5,True,5187,5186,-0.7874654275143342,0.17683151385740026
50,36.5,True,35.5,False,5187,5086,271.6743374169249,0.0005902589256330318
50,37.5,True,36.5,True,5188,5187,-0.7899527752222752,0.17666079547252744
50,37.5,True,36.5,False,5188,5087,272.8410527729735,0.0006670398215651234
50,38.5,True,37.5,True,5189,5188,-0.7924086412220959,0.17589590827853135
50,38.5,True,37.5,False,5189,5088,274.00282491531436,0.0007450744006033781
50,39.5,True,38.5,True,5190,5189,-0.7948336840557602,0.17448018927594885
50,39.5,True,38.5,False,5190,5089,275.15971614882176,0.00082434713209031
50,40.5,True,39.5,True,5191,5190,-0.7972285431395392,0.17234681494710896
50,40.5,True,39.5,False,5191,5090,276.3117874804117,0.0009048428924433649
50,41.5,True,40.5,True,5192,5191,-0.7995938394718678,0.16941565781598772
50,41.5,True,40.5,False,5192,5091,277.45909865658547,0.000986546950392557
50,42.5,True,41.5,True,5193,5192,-0.8019301763102362,0.16558873074640118
50,42.5,True,41.5,False,5193,5092,278.6017081995886,0.001069444952888483
50,43.5,True,42.5,True,5194,5193,-0.8042381398174427,0.1607433424504179
50,43.5,True,42.5,False,5194,5093,279.73967344224616,0.0011535229116371058
50,44.5,True,43.5,True,5195,5194,-0.8065182996793112,0.15472135494915984
50,44.5,True,43.5,False,5195,5094,280.87305056153457,0.00123876719023413
50,45.5,True,44.5,True,5196,5195,-0.8087712096955926,0.1473113828666307
50,45.5,True,44.5,False,5196,5095,282.00189461094493,0.001325164491864657
50,46.5,True,45.5,True,5197,5196,-0.8109974083450879,0.13821717917556742
50,46.5,True,45.5,False,5197,5096,283.12625955168943,0.0014127018475388587
50,47.5,True,46.5,True,5198,5197,-0.8131974193259168,0.12699606957007778
50,47.5,True,46.5,False,5198,5097,284.2461982828037,0.0015013666048358733
50,48.5,True,47.5,True,5199,5198,-0.8153717520737871,0.11292250091625512
50,48.5,True,47.5,False,5199,5098,285.36176267018914,0.0015911464171318541
50,49.5,True,48.5,True,5200,5199,-0.8175209022569021,0.09461926580115264
50,49.5,True,48.5,False,5200,5099,286.4730035746437,0.0016820292332836316
50,50.5,True,49.5,True,5201,5200,-0.8196453522510581,0.06862821910849662
50,50.5,True,49.5,False,5201,5100,287.5799708789209,0.0017740032877491792
